  -9	  -9		   3.38433414E-04	   4.98378449E-07		   3.38030510E-04	   4.98548455E-07
  -8	  -9		   3.45273092E-04	   5.06640268E-07		   3.45157923E-04	   5.06543370E-07
  -7	  -9		   3.62482409E-04	   5.07579947E-07		   3.58858315E-04	   5.07788420E-07
  -6	  -9		   3.98489812E-04	   5.13150672E-07		   3.79621416E-04	   5.09356672E-07
  -5	  -9		   3.85899441E-04	   5.08468356E-07		   3.71301564E-04	   5.03884118E-07
  -4	  -9		   3.47964828E-04	   5.11969170E-07		   3.47881541E-04	   5.12227865E-07
  -3	  -9		   3.75028597E-04	   5.17914863E-07		   3.58903645E-04	   5.18868449E-07
  -2	  -9		   3.68112498E-04	   5.11422461E-07		   3.54263690E-04	   5.13545145E-07
  -1	  -9		   3.38213584E-04	   5.10893813E-07		   3.38147480E-04	   5.11038392E-07
   0	  -9		   3.44670599E-04	   5.06096736E-07		   3.40975062E-04	   5.04673059E-07
   1	  -9		   3.38197161E-04	   5.04228137E-07		   3.38135167E-04	   5.04094416E-07
   2	  -9		   3.67785899E-04	   5.11505072E-07		   3.54034894E-04	   5.07685738E-07
   3	  -9		   3.74806516E-04	   5.10021609E-07		   3.58713984E-04	   5.07963404E-07
   4	  -9		   3.47916558E-04	   5.09238119E-07		   3.47835503E-04	   5.09368477E-07
   5	  -9		   3.86214876E-04	   5.13589311E-07		   3.71484560E-04	   5.12121321E-07
   6	  -9		   3.98933197E-04	   5.02710831E-07		   3.79829746E-04	   5.05742710E-07
   7	  -9		   3.62535623E-04	   4.89671166E-07		   3.58836957E-04	   4.92904590E-07
   8	  -9		   3.45249949E-04	   4.90428738E-07		   3.45136034E-04	   4.90102421E-07
   9	  -9		   3.38438180E-04	   4.83864463E-07		   3.38027782E-04	   4.83747092E-07
  10	  -9		   3.35862129E-04	   4.84389163E-07		   3.35705471E-04	   4.84663647E-07
  -9	  -8		   3.45245431E-04	   4.96525517E-07		   3.45133697E-04	   4.96777016E-07
  -8	  -8		   3.79380526E-04	   4.94622270E-07		   3.65977648E-04	   4.95350865E-07
  -7	  -8		   4.03063248E-04	   4.92215216E-07		   3.81220282E-04	   4.95551792E-07
  -6	  -8		   3.74012047E-04	   5.01059923E-07		   3.65898837E-04	   5.04662173E-07
  -5	  -8		   3.53758472E-04	   5.04752635E-07		   3.52052404E-04	   5.05658459E-07
  -4	  -8		   3.54188297E-04	   5.14930161E-07		   3.49852065E-04	   5.14407755E-07
  -3	  -8		   3.66563633E-04	   5.18158586E-07		   3.56089867E-04	   5.16814537E-07
  -2	  -8		   3.49712983E-04	   5.12241271E-07		   3.46806940E-04	   5.12791758E-07
  -1	  -8		   3.49245979E-04	   5.14718393E-07		   3.45051325E-04	   5.13355842E-07
   0	  -8		   3.73372452E-04	   5.01061203E-07		   3.56794359E-04	   5.01691558E-07
   1	  -8		   3.49409757E-04	   4.94330737E-07		   3.45126826E-04	   4.97178972E-07
   2	  -8		   3.49488275E-04	   5.02530473E-07		   3.46631401E-04	   4.99419137E-07
   3	  -8		   3.66511599E-04	   5.07153322E-07		   3.55993180E-04	   5.05066295E-07
   4	  -8		   3.54155799E-04	   5.06646469E-07		   3.49774001E-04	   5.07687020E-07
   5	  -8		   3.53610771E-04	   5.15051944E-07		   3.51934231E-04	   5.15527273E-07
   6	  -8		   3.73535232E-04	   5.22928350E-07		   3.65598349E-04	   5.22177702E-07
   7	  -8		   4.02566760E-04	   5.15479350E-07		   3.80915798E-04	   5.12034711E-07
   8	  -8		   3.79523758E-04	   4.98343683E-07		   3.66076011E-04	   4.97463466E-07
   9	  -8		   3.45301823E-04	   4.90628762E-07		   3.45180386E-04	   4.90868577E-07
  10	  -8		   3.47904954E-04	   4.93707850E-07		   3.45274251E-04	   4.91394915E-07
  -9	  -7		   3.62611350E-04	   4.93817834E-07		   3.58904834E-04	   4.93409602E-07
  -8	  -7		   4.02623400E-04	   4.84816532E-07		   3.80969319E-04	   4.84332477E-07
  -7	  -7		   4.89766563E-04	   4.88936360E-07		   4.25921532E-04	   4.92403311E-07
  -6	  -7		   4.29760064E-04	   5.08086645E-07		   3.95065554E-04	   5.11531999E-07
  -5	  -7		   3.62090892E-04	   5.10411922E-07		   3.58611521E-04	   5.09963135E-07
  -4	  -7		   3.50208695E-04	   5.09544640E-07		   3.50146186E-04	   5.09688973E-07
  -3	  -7		   3.48029623E-04	   5.03077457E-07		   3.47839048E-04	   5.03292337E-07
  -2	  -7		   3.50415112E-04	   5.05555838E-07		   3.47775213E-04	   5.05214044E-07
  -1	  -7		   3.82196592E-04	   5.16988905E-07		   3.63684947E-04	   5.16269938E-07
   0	  -7		   4.14257594E-04	   5.03968352E-07		   3.80627436E-04	   5.04486160E-07
   1	  -7		   3.82603456E-04	   4.86391866E-07		   3.63894633E-04	   4.91250248E-07
   2	  -7		   3.50438207E-04	   4.88855013E-07		   3.47766038E-04	   4.90555971E-07
   3	  -7		   3.47934921E-04	   5.07078855E-07		   3.47763305E-04	   5.07053304E-07
   4	  -7		   3.50020124E-04	   5.13322726E-07		   3.49967299E-04	   5.13218199E-07
   5	  -7		   3.61944080E-04	   5.11918039E-07		   3.58428829E-04	   5.13736082E-07
   6	  -7		   4.29171609E-04	   5.15564561E-07		   3.94677353E-04	   5.23818795E-07
   7	  -7		   4.89418283E-04	   5.04976115E-07		   4.25692669E-04	   5.14462885E-07
   8	  -7		   4.03084224E-04	   4.93933594E-07		   3.81220659E-04	   4.96666998E-07
   9	  -7		   3.62384035E-04	   5.06441955E-07		   3.58793432E-04	   5.03302312E-07
  10	  -7		   4.08990911E-04	   5.09425487E-07		   3.81309389E-04	   5.02524271E-07
  -9	  -6		   3.99132296E-04	   4.83884126E-07		   3.79969985E-04	   4.88561122E-07
  -8	  -6		   3.73676282E-04	   4.89927159E-07		   3.65736809E-04	   4.87158092E-07
  -7	  -6		   4.29560545E-04	   4.93892123E-07		   3.94938852E-04	   4.93983269E-07
  -6	  -6		   3.76263438E-04	   5.05613365E-07		   3.70569900E-04	   5.05338664E-07
  -5	  -6		   3.83051841E-04	   4.97336014E-07		   3.73151807E-04	   5.00053966E-07
  -4	  -6		   4.14621909E-04	   4.93560839E-07		   3.86490252E-04	   4.97828704E-07
  -3	  -6		   3.87027064E-04	   4.97431520E-07		   3.72140047E-04	   4.98576863E-07
  -2	  -6		   3.69604978E-04	   5.07985197E-07		   3.64113843E-04	   5.05973819E-07
  -1	  -6		   3.76627112E-04	   5.15461220E-07		   3.69746469E-04	   5.11879851E-07
   0	  -6		   3.86621616E-04	   5.02979054E-07		   3.76469204E-04	   5.01072043E-07
   1	  -6		   3.76841758E-04	   4.94436065E-07		   3.69809739E-04	   4.96241735E-07
   2	  -6		   3.69538033E-04	   5.01307314E-07		   3.63989255E-04	   5.02065388E-07
   3	  -6		   3.86302053E-04	   5.27146245E-07		   3.71656683E-04	   5.22623131E-07
   4	  -6		   4.13393605E-04	   5.35982728E-07		   3.85748147E-04	   5.28750179E-07
   5	  -6		   3.82717870E-04	   5.23501447E-07		   3.72919419E-04	   5.21299814E-07
   6	  -6		   3.76105869E-04	   5.19986621E-07		   3.70491257E-04	   5.20513437E-07
   7	  -6		   4.29393651E-04	   5.04157762E-07		   3.94856678E-04	   5.06306069E-07
   8	  -6		   3.73960229E-04	   4.93179369E-07		   3.65861494E-04	   4.94291182E-07
   9	  -6		   3.98410836E-04	   5.07529185E-07		   3.79557692E-04	   5.08630687E-07
  10	  -6		   4.95303070E-04	   4.95201548E-07		   4.29287891E-04	   4.99840806E-07
  -9	  -5		   3.86435950E-04	   4.80504250E-07		   3.71607276E-04	   4.86520139E-07
  -8	  -5		   3.53659317E-04	   4.97525728E-07		   3.51998788E-04	   4.95875710E-07
  -7	  -5		   3.62055147E-04	   4.99239853E-07		   3.58522181E-04	   4.99163443E-07
  -6	  -5		   3.82606751E-04	   5.09501626E-07		   3.72857249E-04	   5.08491496E-07
  -5	  -5		   4.95147834E-04	   5.00468743E-07		   4.32411655E-04	   5.04937838E-07
  -4	  -5		   4.80965319E-04	   5.01623230E-07		   4.29976444E-04	   5.07384419E-07
  -3	  -5		   3.90778873E-04	   5.10764174E-07		   3.87517505E-04	   5.10268216E-07
  -2	  -5		   3.99286506E-04	   4.99122067E-07		   3.90335410E-04	   5.02788601E-07
  -1	  -5		   4.20070675E-04	   4.86053187E-07		   3.99496391E-04	   4.91298405E-07
   0	  -5		   4.19479439E-04	   4.91092906E-07		   3.99199810E-04	   4.92885942E-07
   1	  -5		   4.19307287E-04	   5.13551030E-07		   3.99042246E-04	   5.14093746E-07
   2	  -5		   3.98752395E-04	   5.16008551E-07		   3.89928677E-04	   5.19100387E-07
   3	  -5		   3.90288377E-04	   5.23503530E-07		   3.87094272E-04	   5.21470457E-07
   4	  -5		   4.79775467E-04	   5.24564603E-07		   4.29261550E-04	   5.21870464E-07
   5	  -5		   4.95121299E-04	   4.99916631E-07		   4.32392821E-04	   5.06624920E-07
   6	  -5		   3.83163579E-04	   4.97835750E-07		   3.73203021E-04	   5.01733129E-07
   7	  -5		   3.61960844E-04	   4.95396864E-07		   3.58506570E-04	   4.93846419E-07
   8	  -5		   3.53702580E-04	   4.92461385E-07		   3.51989094E-04	   4.92492600E-07
   9	  -5		   3.85828996E-04	   4.95367430E-07		   3.71238838E-04	   5.01960769E-07
  10	  -5		   4.55647901E-04	   4.78000951E-07		   4.09069932E-04	   4.89994486E-07
  -9	  -4		   3.47937715E-04	   4.89668604E-07		   3.47861211E-04	   4.89296064E-07
  -8	  -4		   3.54086091E-04	   5.01017983E-07		   3.49744071E-04	   5.00368375E-07
  -7	  -4		   3.50035492E-04	   5.02533932E-07		   3.49981922E-04	   5.02358422E-07
  -6	  -4		   4.13477726E-04	   5.17993611E-07		   3.85816137E-04	   5.14056840E-07
  -5	  -4		   4.80179719E-04	   5.15760200E-07		   4.29519752E-04	   5.12375885E-07
  -4	  -4		   4.09004346E-04	   5.15741341E-07		   4.04456672E-04	   5.16334994E-07
  -3	  -4		   4.69643609E-04	   5.08578215E-07		   4.34459322E-04	   5.14412075E-07
  -2	  -4		   6.20972582E-04	   4.94092430E-07		   5.11062072E-04	   5.00422149E-07
  -1	  -4		   6.19799232E-04	   4.94120700E-07		   5.17928559E-04	   4.97279780E-07
   0	  -4		   5.84072342E-04	   5.15064175E-07		   5.03519000E-04	   5.12106799E-07
   1	  -4		   6.18144900E-04	   5.43230928E-07		   5.17005855E-04	   5.37350098E-07
   2	  -4		   6.19559911E-04	   5.29464800E-07		   5.10241485E-04	   5.29545955E-07
   3	  -4		   4.69614446E-04	   5.10603818E-07		   4.34372136E-04	   5.13344118E-07
   4	  -4		   4.08825425E-04	   5.05899108E-07		   4.04351789E-04	   5.05770769E-07
   5	  -4		   4.80747527E-04	   4.80526325E-07		   4.29868157E-04	   4.91955635E-07
   6	  -4		   4.14612459E-04	   4.82438769E-07		   3.86465751E-04	   4.90294399E-07
   7	  -4		   3.50182323E-04	   4.91573542E-07		   3.50119497E-04	   4.91704576E-07
   8	  -4		   3.54264350E-04	   4.90986498E-07		   3.49875425E-04	   4.92063224E-07
   9	  -4		   3.47984036E-04	   4.95400047E-07		   3.47896058E-04	   4.95504814E-07
  10	  -4		   3.55387126E-04	   4.84651489E-07		   3.53408845E-04	   4.86195644E-07
  -9	  -3		   3.74711292E-04	   4.87302333E-07		   3.58663734E-04	   4.90410105E-07
  -8	  -3		   3.66453366E-04	   4.85057130E-07		   3.55946150E-04	   4.91918710E-07
  -7	  -3		   3.47878206E-04	   4.99341197E-07		   3.47708863E-04	   4.98618530E-07
  -6	  -3		   3.86320139E-04	   5.17749177E-07		   3.71690937E-04	   5.11622698E-07
  -5	  -3		   3.90439512E-04	   5.15693235E-07		   3.87215667E-04	   5.15315124E-07
  -4	  -3		   4.69264631E-04	   5.36091781E-07		   4.34201856E-04	   5.32285772E-07
  -3	  -3		   7.09582736E-04	   5.22355655E-07		   5.64110472E-04	   5.31547986E-07
  -2	  -3		   6.89742879E-04	   5.22145129E-07		   5.92204421E-04	   5.25631524E-07
  -1	  -3		   5.58377946E-04	   5.34979057E-07		   5.55205570E-04	   5.34441702E-07
   0	  -3		   5.69597053E-04	   5.25648439E-07		   5.61782206E-04	   5.27937371E-07
   1	  -3		   5.57936382E-04	   5.31066576E-07		   5.54863107E-04	   5.28429758E-07
   2	  -3		   6.88841508E-04	   5.19260679E-07		   5.91731096E-04	   5.17787780E-07
   3	  -3		   7.10036088E-04	   4.94147560E-07		   5.64346601E-04	   5.04432382E-07
   4	  -3		   4.69791516E-04	   5.03592331E-07		   4.34511018E-04	   5.03685804E-07
   5	  -3		   3.90704800E-04	   4.83840305E-07		   3.87444673E-04	   4.86415568E-07
   6	  -3		   3.87013100E-04	   4.77396457E-07		   3.72091439E-04	   4.81775057E-07
   7	  -3		   3.48048374E-04	   4.89227284E-07		   3.47860489E-04	   4.89107635E-07
   8	  -3		   3.66787925E-04	   4.83579009E-07		   3.56211886E-04	   4.89686447E-07
   9	  -3		   3.75264005E-04	   4.84754978E-07		   3.59026434E-04	   4.90435188E-07
  10	  -3		   3.69031028E-04	   4.87346807E-07		   3.55369153E-04	   4.87536144E-07
  -9	  -2		   3.67770747E-04	   4.90197208E-07		   3.54036985E-04	   4.91175318E-07
  -8	  -2		   3.49568793E-04	   4.89893553E-07		   3.46694202E-04	   4.93159672E-07
  -7	  -2		   3.50353296E-04	   5.04564562E-07		   3.47720562E-04	   5.01844755E-07
  -6	  -2		   3.69438426E-04	   5.12013461E-07		   3.63945954E-04	   5.10293064E-07
  -5	  -2		   3.98788695E-04	   5.22963352E-07		   3.89954618E-04	   5.20205259E-07
  -4	  -2		   6.19392586E-04	   5.61657924E-07		   5.10148184E-04	   5.47599263E-07
  -3	  -2		   6.88733488E-04	   5.34008561E-07		   5.91613831E-04	   5.32249074E-07
  -2	  -2		   6.45361217E-04	   5.35968585E-07		   6.24626854E-04	   5.35526831E-07
  -1	  -2		   1.68802408E-03	   5.67087678E-07		   1.07638412E-03	   5.91632023E-07
   0	  -2		   2.64919272E-03	   6.57596315E-07		   1.46708337E-03	   6.29594015E-07
   1	  -2		   1.68909551E-03	   5.87675786E-07		   1.07676535E-03	   5.76019797E-07
   2	  -2		   6.45516192E-04	   5.18726652E-07		   6.24748234E-04	   5.16998431E-07
   3	  -2		   6.89757945E-04	   4.76778151E-07		   5.92216149E-04	   4.90488937E-07
   4	  -2		   6.20788193E-04	   4.97539285E-07		   5.10934093E-04	   4.97827970E-07
   5	  -2		   3.99129931E-04	   4.88307719E-07		   3.90256597E-04	   4.84973315E-07
   6	  -2		   3.69682868E-04	   4.80163497E-07		   3.64124308E-04	   4.81888581E-07
   7	  -2		   3.50435876E-04	   4.88917848E-07		   3.47785066E-04	   4.87037714E-07
   8	  -2		   3.49744291E-04	   4.78629754E-07		   3.46808973E-04	   4.82341893E-07
   9	  -2		   3.68170110E-04	   4.77307130E-07		   3.54261540E-04	   4.82527531E-07
  10	  -2		   3.71661700E-04	   4.85587000E-07		   3.54447084E-04	   4.85091682E-07
  -9	  -1		   3.38216134E-04	   4.90907930E-07		   3.38155841E-04	   4.90690706E-07
  -8	  -1		   3.49418310E-04	   4.92019322E-07		   3.45154060E-04	   4.92284963E-07
  -7	  -1		   3.82375240E-04	   5.04181614E-07		   3.63770679E-04	   5.01936495E-07
  -6	  -1		   3.76667344E-04	   5.00437953E-07		   3.69697857E-04	   5.01735359E-07
  -5	  -1		   4.19358769E-04	   5.16392221E-07		   3.99036795E-04	   5.07876882E-07
  -4	  -1		   6.18277037E-04	   5.47538845E-07		   5.17027833E-04	   5.34186928E-07
  -3	  -1		   5.57967399E-04	   5.20570844E-07		   5.54867999E-04	   5.20406908E-07
  -2	  -1		   1.68841809E-03	   6.13751686E-07		   1.07649205E-03	   5.91743938E-07
  -1	  -1		   6.04531135E-03	   7.75606204E-07		   2.86892075E-03	   7.99009104E-07
   0	  -1		   9.08696270E-03	   9.41343487E-07		   4.04605429E-03	   1.01473946E-06
   1	  -1		   6.04586376E-03	   7.67558249E-07		   2.86912019E-03	   8.06798666E-07
   2	  -1		   1.68799337E-03	   6.36115480E-07		   1.07638979E-03	   6.02132149E-07
   3	  -1		   5.58315912E-04	   4.98217288E-07		   5.55142046E-04	   5.01978432E-07
   4	  -1		   6.19503512E-04	   4.96112224E-07		   5.17741348E-04	   4.96307251E-07
   5	  -1		   4.19881455E-04	   5.00858746E-07		   3.99441679E-04	   4.95624285E-07
   6	  -1		   3.76826334E-04	   5.00266720E-07		   3.69870189E-04	   5.02120611E-07
   7	  -1		   3.82327047E-04	   5.02079333E-07		   3.63771796E-04	   4.99252467E-07
   8	  -1		   3.49228913E-04	   4.83988959E-07		   3.45034665E-04	   4.81683757E-07
   9	  -1		   3.38155175E-04	   4.78716117E-07		   3.38088723E-04	   4.78594144E-07
  10	  -1		   3.36640624E-04	   4.80810782E-07		   3.35844171E-04	   4.79548295E-07
  -9	   0		   3.44702816E-04	   4.81052311E-07		   3.40984747E-04	   4.83258899E-07
  -8	   0		   3.73384630E-04	   4.86404446E-07		   3.56806631E-04	   4.86491717E-07
  -7	   0		   4.14203905E-04	   5.02047883E-07		   3.80592674E-04	   5.02456496E-07
  -6	   0		   3.86598196E-04	   5.00909242E-07		   3.76437554E-04	   5.04756542E-07
  -5	   0		   4.19364148E-04	   5.07776094E-07		   3.99110350E-04	   5.00289910E-07
  -4	   0		   5.84012649E-04	   5.11187247E-07		   5.03436398E-04	   5.06768279E-07
  -3	   0		   5.69519805E-04	   5.22826004E-07		   5.61740652E-04	   5.18790776E-07
  -2	   0		   2.64828741E-03	   7.24955094E-07		   1.46697539E-03	   6.54975825E-07
  -1	   0		   9.08612248E-03	   1.00877969E-06		   4.04641228E-03	   9.06356292E-07
   0	   0		   2.00849805E-01	   1.25680724E-06		   5.53575260E-03	   1.26056674E-06
   1	   0		   9.08612248E-03	   1.00877969E-06		   4.04641228E-03	   9.06356292E-07
   2	   0		   2.64828741E-03	   7.24955094E-07		   1.46697539E-03	   6.54975825E-07
   3	   0		   5.69519805E-04	   5.22826004E-07		   5.61740652E-04	   5.18790776E-07
   4	   0		   5.84012649E-04	   5.11187247E-07		   5.03436398E-04	   5.06768279E-07
   5	   0		   4.19364148E-04	   5.07776094E-07		   3.99110350E-04	   5.00289910E-07
   6	   0		   3.86598196E-04	   5.00909242E-07		   3.76437554E-04	   5.04756542E-07
   7	   0		   4.14203905E-04	   5.02047883E-07		   3.80592674E-04	   5.02456496E-07
   8	   0		   3.73384630E-04	   4.86404446E-07		   3.56806631E-04	   4.86491717E-07
   9	   0		   3.44702816E-04	   4.81052311E-07		   3.40984747E-04	   4.83258899E-07
  10	   0		   3.37174865E-04	   4.75093260E-07		   3.35781643E-04	   4.77205159E-07
  -9	   1		   3.38155175E-04	   4.78716117E-07		   3.38088723E-04	   4.78594144E-07
  -8	   1		   3.49228913E-04	   4.83988959E-07		   3.45034665E-04	   4.81683757E-07
  -7	   1		   3.82327047E-04	   5.02079333E-07		   3.63771796E-04	   4.99252467E-07
  -6	   1		   3.76826334E-04	   5.00266720E-07		   3.69870189E-04	   5.02120611E-07
  -5	   1		   4.19881455E-04	   5.00858746E-07		   3.99441679E-04	   4.95624285E-07
  -4	   1		   6.19503512E-04	   4.96112224E-07		   5.17741348E-04	   4.96307251E-07
  -3	   1		   5.58315912E-04	   4.98217288E-07		   5.55142046E-04	   5.01978432E-07
  -2	   1		   1.68799337E-03	   6.36115480E-07		   1.07638979E-03	   6.02132149E-07
  -1	   1		   6.04586376E-03	   7.67558249E-07		   2.86912019E-03	   8.06798666E-07
   0	   1		   9.08696270E-03	   9.41343487E-07		   4.04605429E-03	   1.01473946E-06
   1	   1		   6.04531135E-03	   7.75606204E-07		   2.86892075E-03	   7.99009104E-07
   2	   1		   1.68841809E-03	   6.13751686E-07		   1.07649205E-03	   5.91743938E-07
   3	   1		   5.57967399E-04	   5.20570844E-07		   5.54867999E-04	   5.20406908E-07
   4	   1		   6.18277037E-04	   5.47538845E-07		   5.17027833E-04	   5.34186928E-07
   5	   1		   4.19358769E-04	   5.16392221E-07		   3.99036795E-04	   5.07876882E-07
   6	   1		   3.76667344E-04	   5.00437953E-07		   3.69697857E-04	   5.01735359E-07
   7	   1		   3.82375240E-04	   5.04181614E-07		   3.63770679E-04	   5.01936495E-07
   8	   1		   3.49418310E-04	   4.92019322E-07		   3.45154060E-04	   4.92284963E-07
   9	   1		   3.38216134E-04	   4.90907930E-07		   3.38155841E-04	   4.90690706E-07
  10	   1		   3.36640624E-04	   4.80810782E-07		   3.35844171E-04	   4.79548295E-07
  -9	   2		   3.68170110E-04	   4.77307130E-07		   3.54261540E-04	   4.82527531E-07
  -8	   2		   3.49744291E-04	   4.78629754E-07		   3.46808973E-04	   4.82341893E-07
  -7	   2		   3.50435876E-04	   4.88917848E-07		   3.47785066E-04	   4.87037714E-07
  -6	   2		   3.69682868E-04	   4.80163497E-07		   3.64124308E-04	   4.81888581E-07
  -5	   2		   3.99129931E-04	   4.88307719E-07		   3.90256597E-04	   4.84973315E-07
  -4	   2		   6.20788193E-04	   4.97539285E-07		   5.10934093E-04	   4.97827970E-07
  -3	   2		   6.89757945E-04	   4.76778151E-07		   5.92216149E-04	   4.90488937E-07
  -2	   2		   6.45516192E-04	   5.18726652E-07		   6.24748234E-04	   5.16998431E-07
  -1	   2		   1.68909551E-03	   5.87675786E-07		   1.07676535E-03	   5.76019797E-07
   0	   2		   2.64919272E-03	   6.57596315E-07		   1.46708337E-03	   6.29594015E-07
   1	   2		   1.68802408E-03	   5.67087678E-07		   1.07638412E-03	   5.91632023E-07
   2	   2		   6.45361217E-04	   5.35968585E-07		   6.24626854E-04	   5.35526831E-07
   3	   2		   6.88733488E-04	   5.34008561E-07		   5.91613831E-04	   5.32249074E-07
   4	   2		   6.19392586E-04	   5.61657924E-07		   5.10148184E-04	   5.47599263E-07
   5	   2		   3.98788695E-04	   5.22963352E-07		   3.89954618E-04	   5.20205259E-07
   6	   2		   3.69438426E-04	   5.12013461E-07		   3.63945954E-04	   5.10293064E-07
   7	   2		   3.50353296E-04	   5.04564562E-07		   3.47720562E-04	   5.01844755E-07
   8	   2		   3.49568793E-04	   4.89893553E-07		   3.46694202E-04	   4.93159672E-07
   9	   2		   3.67770747E-04	   4.90197208E-07		   3.54036985E-04	   4.91175318E-07
  10	   2		   3.71661700E-04	   4.85587000E-07		   3.54447084E-04	   4.85091682E-07
  -9	   3		   3.75264005E-04	   4.84754978E-07		   3.59026434E-04	   4.90435188E-07
  -8	   3		   3.66787925E-04	   4.83579009E-07		   3.56211886E-04	   4.89686447E-07
  -7	   3		   3.48048374E-04	   4.89227284E-07		   3.47860489E-04	   4.89107635E-07
  -6	   3		   3.87013100E-04	   4.77396457E-07		   3.72091439E-04	   4.81775057E-07
  -5	   3		   3.90704800E-04	   4.83840305E-07		   3.87444673E-04	   4.86415568E-07
  -4	   3		   4.69791516E-04	   5.03592331E-07		   4.34511018E-04	   5.03685804E-07
  -3	   3		   7.10036088E-04	   4.94147560E-07		   5.64346601E-04	   5.04432382E-07
  -2	   3		   6.88841508E-04	   5.19260679E-07		   5.91731096E-04	   5.17787780E-07
  -1	   3		   5.57936382E-04	   5.31066576E-07		   5.54863107E-04	   5.28429758E-07
   0	   3		   5.69597053E-04	   5.25648439E-07		   5.61782206E-04	   5.27937371E-07
   1	   3		   5.58377946E-04	   5.34979057E-07		   5.55205570E-04	   5.34441702E-07
   2	   3		   6.89742879E-04	   5.22145129E-07		   5.92204421E-04	   5.25631524E-07
   3	   3		   7.09582736E-04	   5.22355655E-07		   5.64110472E-04	   5.31547986E-07
   4	   3		   4.69264631E-04	   5.36091781E-07		   4.34201856E-04	   5.32285772E-07
   5	   3		   3.90439512E-04	   5.15693235E-07		   3.87215667E-04	   5.15315124E-07
   6	   3		   3.86320139E-04	   5.17749177E-07		   3.71690937E-04	   5.11622698E-07
   7	   3		   3.47878206E-04	   4.99341197E-07		   3.47708863E-04	   4.98618530E-07
   8	   3		   3.66453366E-04	   4.85057130E-07		   3.55946150E-04	   4.91918710E-07
   9	   3		   3.74711292E-04	   4.87302333E-07		   3.58663734E-04	   4.90410105E-07
  10	   3		   3.69031028E-04	   4.87346807E-07		   3.55369153E-04	   4.87536144E-07
  -9	   4		   3.47984036E-04	   4.95400047E-07		   3.47896058E-04	   4.95504814E-07
  -8	   4		   3.54264350E-04	   4.90986498E-07		   3.49875425E-04	   4.92063224E-07
  -7	   4		   3.50182323E-04	   4.91573542E-07		   3.50119497E-04	   4.91704576E-07
  -6	   4		   4.14612459E-04	   4.82438769E-07		   3.86465751E-04	   4.90294399E-07
  -5	   4		   4.80747527E-04	   4.80526325E-07		   4.29868157E-04	   4.91955635E-07
  -4	   4		   4.08825425E-04	   5.05899108E-07		   4.04351789E-04	   5.05770769E-07
  -3	   4		   4.69614446E-04	   5.10603818E-07		   4.34372136E-04	   5.13344118E-07
  -2	   4		   6.19559911E-04	   5.29464800E-07		   5.10241485E-04	   5.29545955E-07
  -1	   4		   6.18144900E-04	   5.43230928E-07		   5.17005855E-04	   5.37350098E-07
   0	   4		   5.84072342E-04	   5.15064175E-07		   5.03519000E-04	   5.12106799E-07
   1	   4		   6.19799232E-04	   4.94120700E-07		   5.17928559E-04	   4.97279780E-07
   2	   4		   6.20972582E-04	   4.94092430E-07		   5.11062072E-04	   5.00422149E-07
   3	   4		   4.69643609E-04	   5.08578215E-07		   4.34459322E-04	   5.14412075E-07
   4	   4		   4.09004346E-04	   5.15741341E-07		   4.04456672E-04	   5.16334994E-07
   5	   4		   4.80179719E-04	   5.15760200E-07		   4.29519752E-04	   5.12375885E-07
   6	   4		   4.13477726E-04	   5.17993611E-07		   3.85816137E-04	   5.14056840E-07
   7	   4		   3.50035492E-04	   5.02533932E-07		   3.49981922E-04	   5.02358422E-07
   8	   4		   3.54086091E-04	   5.01017983E-07		   3.49744071E-04	   5.00368375E-07
   9	   4		   3.47937715E-04	   4.89668604E-07		   3.47861211E-04	   4.89296064E-07
  10	   4		   3.55387126E-04	   4.84651489E-07		   3.53408845E-04	   4.86195644E-07
  -9	   5		   3.85828996E-04	   4.95367430E-07		   3.71238838E-04	   5.01960769E-07
  -8	   5		   3.53702580E-04	   4.92461385E-07		   3.51989094E-04	   4.92492600E-07
  -7	   5		   3.61960844E-04	   4.95396864E-07		   3.58506570E-04	   4.93846419E-07
  -6	   5		   3.83163579E-04	   4.97835750E-07		   3.73203021E-04	   5.01733129E-07
  -5	   5		   4.95121299E-04	   4.99916631E-07		   4.32392821E-04	   5.06624920E-07
  -4	   5		   4.79775467E-04	   5.24564603E-07		   4.29261550E-04	   5.21870464E-07
  -3	   5		   3.90288377E-04	   5.23503530E-07		   3.87094272E-04	   5.21470457E-07
  -2	   5		   3.98752395E-04	   5.16008551E-07		   3.89928677E-04	   5.19100387E-07
  -1	   5		   4.19307287E-04	   5.13551030E-07		   3.99042246E-04	   5.14093746E-07
   0	   5		   4.19479439E-04	   4.91092906E-07		   3.99199810E-04	   4.92885942E-07
   1	   5		   4.20070675E-04	   4.86053187E-07		   3.99496391E-04	   4.91298405E-07
   2	   5		   3.99286506E-04	   4.99122067E-07		   3.90335410E-04	   5.02788601E-07
   3	   5		   3.90778873E-04	   5.10764174E-07		   3.87517505E-04	   5.10268216E-07
   4	   5		   4.80965319E-04	   5.01623230E-07		   4.29976444E-04	   5.07384419E-07
   5	   5		   4.95147834E-04	   5.00468743E-07		   4.32411655E-04	   5.04937838E-07
   6	   5		   3.82606751E-04	   5.09501626E-07		   3.72857249E-04	   5.08491496E-07
   7	   5		   3.62055147E-04	   4.99239853E-07		   3.58522181E-04	   4.99163443E-07
   8	   5		   3.53659317E-04	   4.97525728E-07		   3.51998788E-04	   4.95875710E-07
   9	   5		   3.86435950E-04	   4.80504250E-07		   3.71607276E-04	   4.86520139E-07
  10	   5		   4.55647901E-04	   4.78000951E-07		   4.09069932E-04	   4.89994486E-07
  -9	   6		   3.98410836E-04	   5.07529185E-07		   3.79557692E-04	   5.08630687E-07
  -8	   6		   3.73960229E-04	   4.93179369E-07		   3.65861494E-04	   4.94291182E-07
  -7	   6		   4.29393651E-04	   5.04157762E-07		   3.94856678E-04	   5.06306069E-07
  -6	   6		   3.76105869E-04	   5.19986621E-07		   3.70491257E-04	   5.20513437E-07
  -5	   6		   3.82717870E-04	   5.23501447E-07		   3.72919419E-04	   5.21299814E-07
  -4	   6		   4.13393605E-04	   5.35982728E-07		   3.85748147E-04	   5.28750179E-07
  -3	   6		   3.86302053E-04	   5.27146245E-07		   3.71656683E-04	   5.22623131E-07
  -2	   6		   3.69538033E-04	   5.01307314E-07		   3.63989255E-04	   5.02065388E-07
  -1	   6		   3.76841758E-04	   4.94436065E-07		   3.69809739E-04	   4.96241735E-07
   0	   6		   3.86621616E-04	   5.02979054E-07		   3.76469204E-04	   5.01072043E-07
   1	   6		   3.76627112E-04	   5.15461220E-07		   3.69746469E-04	   5.11879851E-07
   2	   6		   3.69604978E-04	   5.07985197E-07		   3.64113843E-04	   5.05973819E-07
   3	   6		   3.87027064E-04	   4.97431520E-07		   3.72140047E-04	   4.98576863E-07
   4	   6		   4.14621909E-04	   4.93560839E-07		   3.86490252E-04	   4.97828704E-07
   5	   6		   3.83051841E-04	   4.97336014E-07		   3.73151807E-04	   5.00053966E-07
   6	   6		   3.76263438E-04	   5.05613365E-07		   3.70569900E-04	   5.05338664E-07
   7	   6		   4.29560545E-04	   4.93892123E-07		   3.94938852E-04	   4.93983269E-07
   8	   6		   3.73676282E-04	   4.89927159E-07		   3.65736809E-04	   4.87158092E-07
   9	   6		   3.99132296E-04	   4.83884126E-07		   3.79969985E-04	   4.88561122E-07
  10	   6		   4.95303070E-04	   4.95201548E-07		   4.29287891E-04	   4.99840806E-07
  -9	   7		   3.62384035E-04	   5.06441955E-07		   3.58793432E-04	   5.03302312E-07
  -8	   7		   4.03084224E-04	   4.93933594E-07		   3.81220659E-04	   4.96666998E-07
  -7	   7		   4.89418283E-04	   5.04976115E-07		   4.25692669E-04	   5.14462885E-07
  -6	   7		   4.29171609E-04	   5.15564561E-07		   3.94677353E-04	   5.23818795E-07
  -5	   7		   3.61944080E-04	   5.11918039E-07		   3.58428829E-04	   5.13736082E-07
  -4	   7		   3.50020124E-04	   5.13322726E-07		   3.49967299E-04	   5.13218199E-07
  -3	   7		   3.47934921E-04	   5.07078855E-07		   3.47763305E-04	   5.07053304E-07
  -2	   7		   3.50438207E-04	   4.88855013E-07		   3.47766038E-04	   4.90555971E-07
  -1	   7		   3.82603456E-04	   4.86391866E-07		   3.63894633E-04	   4.91250248E-07
   0	   7		   4.14257594E-04	   5.03968352E-07		   3.80627436E-04	   5.04486160E-07
   1	   7		   3.82196592E-04	   5.16988905E-07		   3.63684947E-04	   5.16269938E-07
   2	   7		   3.50415112E-04	   5.05555838E-07		   3.47775213E-04	   5.05214044E-07
   3	   7		   3.48029623E-04	   5.03077457E-07		   3.47839048E-04	   5.03292337E-07
   4	   7		   3.50208695E-04	   5.09544640E-07		   3.50146186E-04	   5.09688973E-07
   5	   7		   3.62090892E-04	   5.10411922E-07		   3.58611521E-04	   5.09963135E-07
   6	   7		   4.29760064E-04	   5.08086645E-07		   3.95065554E-04	   5.11531999E-07
   7	   7		   4.89766563E-04	   4.88936360E-07		   4.25921532E-04	   4.92403311E-07
   8	   7		   4.02623400E-04	   4.84816532E-07		   3.80969319E-04	   4.84332477E-07
   9	   7		   3.62611350E-04	   4.93817834E-07		   3.58904834E-04	   4.93409602E-07
  10	   7		   4.08990911E-04	   5.09425487E-07		   3.81309389E-04	   5.02524271E-07
  -9	   8		   3.45301823E-04	   4.90628762E-07		   3.45180386E-04	   4.90868577E-07
  -8	   8		   3.79523758E-04	   4.98343683E-07		   3.66076011E-04	   4.97463466E-07
  -7	   8		   4.02566760E-04	   5.15479350E-07		   3.80915798E-04	   5.12034711E-07
  -6	   8		   3.73535232E-04	   5.22928350E-07		   3.65598349E-04	   5.22177702E-07
  -5	   8		   3.53610771E-04	   5.15051944E-07		   3.51934231E-04	   5.15527273E-07
  -4	   8		   3.54155799E-04	   5.06646469E-07		   3.49774001E-04	   5.07687020E-07
  -3	   8		   3.66511599E-04	   5.07153322E-07		   3.55993180E-04	   5.05066295E-07
  -2	   8		   3.49488275E-04	   5.02530473E-07		   3.46631401E-04	   4.99419137E-07
  -1	   8		   3.49409757E-04	   4.94330737E-07		   3.45126826E-04	   4.97178972E-07
   0	   8		   3.73372452E-04	   5.01061203E-07		   3.56794359E-04	   5.01691558E-07
   1	   8		   3.49245979E-04	   5.14718393E-07		   3.45051325E-04	   5.13355842E-07
   2	   8		   3.49712983E-04	   5.12241271E-07		   3.46806940E-04	   5.12791758E-07
   3	   8		   3.66563633E-04	   5.18158586E-07		   3.56089867E-04	   5.16814537E-07
   4	   8		   3.54188297E-04	   5.14930161E-07		   3.49852065E-04	   5.14407755E-07
   5	   8		   3.53758472E-04	   5.04752635E-07		   3.52052404E-04	   5.05658459E-07
   6	   8		   3.74012047E-04	   5.01059923E-07		   3.65898837E-04	   5.04662173E-07
   7	   8		   4.03063248E-04	   4.92215216E-07		   3.81220282E-04	   4.95551792E-07
   8	   8		   3.79380526E-04	   4.94622270E-07		   3.65977648E-04	   4.95350865E-07
   9	   8		   3.45245431E-04	   4.96525517E-07		   3.45133697E-04	   4.96777016E-07
  10	   8		   3.47904954E-04	   4.93707850E-07		   3.45274251E-04	   4.91394915E-07
  -9	   9		   3.38438180E-04	   4.83864463E-07		   3.38027782E-04	   4.83747092E-07
  -8	   9		   3.45249949E-04	   4.90428738E-07		   3.45136034E-04	   4.90102421E-07
  -7	   9		   3.62535623E-04	   4.89671166E-07		   3.58836957E-04	   4.92904590E-07
  -6	   9		   3.98933197E-04	   5.02710831E-07		   3.79829746E-04	   5.05742710E-07
  -5	   9		   3.86214876E-04	   5.13589311E-07		   3.71484560E-04	   5.12121321E-07
  -4	   9		   3.47916558E-04	   5.09238119E-07		   3.47835503E-04	   5.09368477E-07
  -3	   9		   3.74806516E-04	   5.10021609E-07		   3.58713984E-04	   5.07963404E-07
  -2	   9		   3.67785899E-04	   5.11505072E-07		   3.54034894E-04	   5.07685738E-07
  -1	   9		   3.38197161E-04	   5.04228137E-07		   3.38135167E-04	   5.04094416E-07
   0	   9		   3.44670599E-04	   5.06096736E-07		   3.40975062E-04	   5.04673059E-07
   1	   9		   3.38213584E-04	   5.10893813E-07		   3.38147480E-04	   5.11038392E-07
   2	   9		   3.68112498E-04	   5.11422461E-07		   3.54263690E-04	   5.13545145E-07
   3	   9		   3.75028597E-04	   5.17914863E-07		   3.58903645E-04	   5.18868449E-07
   4	   9		   3.47964828E-04	   5.11969170E-07		   3.47881541E-04	   5.12227865E-07
   5	   9		   3.85899441E-04	   5.08468356E-07		   3.71301564E-04	   5.03884118E-07
   6	   9		   3.98489812E-04	   5.13150672E-07		   3.79621416E-04	   5.09356672E-07
   7	   9		   3.62482409E-04	   5.07579947E-07		   3.58858315E-04	   5.07788420E-07
   8	   9		   3.45273092E-04	   5.06640268E-07		   3.45157923E-04	   5.06543370E-07
   9	   9		   3.38433414E-04	   4.98378449E-07		   3.38030510E-04	   4.98548455E-07
  10	   9		   3.35862129E-04	   4.84389163E-07		   3.35705471E-04	   4.84663647E-07
  -9	  10		   3.35814470E-04	   4.92844865E-07		   3.35659475E-04	   4.92719287E-07
  -8	  10		   3.47897647E-04	   4.96243665E-07		   3.45247981E-04	   4.98863856E-07
  -7	  10		   4.09055762E-04	   4.94937711E-07		   3.81327000E-04	   5.01241551E-07
  -6	  10		   4.95228021E-04	   5.05702498E-07		   4.29261440E-04	   5.09331865E-07
  -5	  10		   4.55467513E-04	   5.14763963E-07		   4.08993683E-04	   5.10668118E-07
  -4	  10		   3.55303964E-04	   5.14881139E-07		   3.53337035E-04	   5.14368253E-07
  -3	  10		   3.68976619E-04	   5.12080542E-07		   3.55320137E-04	   5.13021956E-07
  -2	  10		   3.71703560E-04	   5.08694137E-07		   3.54486794E-04	   5.09520344E-07
  -1	  10		   3.36716555E-04	   5.07648840E-07		   3.35910982E-04	   5.08075911E-07
   0	  10		   3.37185150E-04	   5.09964192E-07		   3.35815502E-04	   5.08682715E-07
   1	  10		   3.36716555E-04	   5.07648840E-07		   3.35910982E-04	   5.08075911E-07
   2	  10		   3.71703560E-04	   5.08694137E-07		   3.54486794E-04	   5.09520344E-07
   3	  10		   3.68976619E-04	   5.12080542E-07		   3.55320137E-04	   5.13021956E-07
   4	  10		   3.55303964E-04	   5.14881139E-07		   3.53337035E-04	   5.14368253E-07
   5	  10		   4.55467513E-04	   5.14763963E-07		   4.08993683E-04	   5.10668118E-07
   6	  10		   4.95228021E-04	   5.05702498E-07		   4.29261440E-04	   5.09331865E-07
   7	  10		   4.09055762E-04	   4.94937711E-07		   3.81327000E-04	   5.01241551E-07
   8	  10		   3.47897647E-04	   4.96243665E-07		   3.45247981E-04	   4.98863856E-07
   9	  10		   3.35814470E-04	   4.92844865E-07		   3.35659475E-04	   4.92719287E-07
  10	  10		   3.34629039E-04	   4.89483317E-07		   3.33965825E-04	   4.89393019E-07
