  -9	  -9		   4.98499510E-02	   7.62520189E-05		   4.98487174E-02	   7.62494639E-05
  -8	  -9		   4.98803212E-02	   7.41602300E-05		   4.98790867E-02	   7.41581017E-05
  -7	  -9		   4.99401089E-02	   7.48052682E-05		   4.99388750E-02	   7.48011005E-05
  -6	  -9		   5.00160850E-02	   7.41319525E-05		   5.00148425E-02	   7.41315516E-05
  -5	  -9		   5.00898002E-02	   7.48413018E-05		   5.00885477E-02	   7.48414000E-05
  -4	  -9		   5.01691371E-02	   7.33488368E-05		   5.01678830E-02	   7.33459411E-05
  -3	  -9		   5.02597063E-02	   7.27981753E-05		   5.02584619E-02	   7.27944813E-05
  -2	  -9		   5.03121125E-02	   7.04154474E-05		   5.03108553E-02	   7.04121244E-05
  -1	  -9		   5.03570622E-02	   6.92406204E-05		   5.03557999E-02	   6.92378657E-05
   0	  -9		   5.03806102E-02	   7.12793103E-05		   5.03793436E-02	   7.12727397E-05
   1	  -9		   5.03680581E-02	   7.25369037E-05		   5.03667999E-02	   7.25376199E-05
   2	  -9		   5.03203255E-02	   7.18227839E-05		   5.03190838E-02	   7.18187792E-05
   3	  -9		   5.02580542E-02	   7.35850891E-05		   5.02568034E-02	   7.35828163E-05
   4	  -9		   5.01790443E-02	   7.41777829E-05		   5.01777948E-02	   7.41763993E-05
   5	  -9		   5.00927758E-02	   7.47231029E-05		   5.00915317E-02	   7.47245157E-05
   6	  -9		   5.00129884E-02	   7.45683288E-05		   5.00117343E-02	   7.45671645E-05
   7	  -9		   4.99352205E-02	   7.54321237E-05		   4.99339728E-02	   7.54300454E-05
   8	  -9		   4.98828398E-02	   7.59580074E-05		   4.98816002E-02	   7.59583198E-05
   9	  -9		   4.98497918E-02	   7.48168557E-05		   4.98485587E-02	   7.48169964E-05
  10	  -9		   4.98291866E-02	   7.46805549E-05		   4.98279324E-02	   7.46791595E-05
  -9	  -8		   4.98835054E-02	   7.41092397E-05		   4.98822616E-02	   7.41097263E-05
  -8	  -8		   4.99259078E-02	   7.50535127E-05		   4.99246613E-02	   7.50526013E-05
  -7	  -8		   4.99929143E-02	   7.50338632E-05		   4.99916687E-02	   7.50313896E-05
  -6	  -8		   5.00807404E-02	   7.40166612E-05		   5.00795019E-02	   7.40132692E-05
  -5	  -8		   5.01764448E-02	   7.54613565E-05		   5.01752108E-02	   7.54606296E-05
  -4	  -8		   5.02755230E-02	   7.20200843E-05		   5.02742664E-02	   7.20183910E-05
  -3	  -8		   5.03690588E-02	   7.19210153E-05		   5.03678065E-02	   7.19188459E-05
  -2	  -8		   5.04558841E-02	   7.09330232E-05		   5.04546123E-02	   7.09310193E-05
  -1	  -8		   5.05057966E-02	   7.14287416E-05		   5.05045384E-02	   7.14259187E-05
   0	  -8		   5.05417411E-02	   7.25812324E-05		   5.05404897E-02	   7.25807143E-05
   1	  -8		   5.05141934E-02	   7.29869450E-05		   5.05129467E-02	   7.29847542E-05
   2	  -8		   5.04630401E-02	   7.31007175E-05		   5.04617810E-02	   7.30987958E-05
   3	  -8		   5.03732732E-02	   7.35516672E-05		   5.03720351E-02	   7.35505661E-05
   4	  -8		   5.02784986E-02	   7.42185121E-05		   5.02772453E-02	   7.42156217E-05
   5	  -8		   5.01751232E-02	   7.35415889E-05		   5.01738712E-02	   7.35386682E-05
   6	  -8		   5.00789415E-02	   7.45609399E-05		   5.00777055E-02	   7.45585156E-05
   7	  -8		   4.99812638E-02	   7.47497450E-05		   4.99800101E-02	   7.47470015E-05
   8	  -8		   4.99268106E-02	   7.56124251E-05		   4.99255626E-02	   7.56121133E-05
   9	  -8		   4.98809502E-02	   7.55800926E-05		   4.98797220E-02	   7.55762894E-05
  10	  -8		   4.98667787E-02	   7.46704611E-05		   4.98655545E-02	   7.46675268E-05
  -9	  -7		   4.99366548E-02	   7.37636478E-05		   4.99354037E-02	   7.37628354E-05
  -8	  -7		   4.99897021E-02	   7.42390180E-05		   4.99884680E-02	   7.42369666E-05
  -7	  -7		   5.00711836E-02	   7.42061751E-05		   5.00699440E-02	   7.42044199E-05
  -6	  -7		   5.01829071E-02	   7.35143812E-05		   5.01816661E-02	   7.35130910E-05
  -5	  -7		   5.03209561E-02	   7.52013378E-05		   5.03196970E-02	   7.51973107E-05
  -4	  -7		   5.04382388E-02	   7.25907604E-05		   5.04369817E-02	   7.25894817E-05
  -3	  -7		   5.05823396E-02	   7.18878570E-05		   5.05810847E-02	   7.18876135E-05
  -2	  -7		   5.06923824E-02	   7.20032547E-05		   5.06911080E-02	   7.20042754E-05
  -1	  -7		   5.07928692E-02	   7.22240263E-05		   5.07916123E-02	   7.22199423E-05
   0	  -7		   5.08107638E-02	   7.21708888E-05		   5.08094985E-02	   7.21710477E-05
   1	  -7		   5.07889662E-02	   7.21036527E-05		   5.07876956E-02	   7.21032312E-05
   2	  -7		   5.06995213E-02	   7.25620925E-05		   5.06982689E-02	   7.25617586E-05
   3	  -7		   5.05950751E-02	   7.27153554E-05		   5.05938146E-02	   7.27124096E-05
   4	  -7		   5.04508232E-02	   7.45325075E-05		   5.04495654E-02	   7.45320190E-05
   5	  -7		   5.03066765E-02	   7.34196017E-05		   5.03054136E-02	   7.34190264E-05
   6	  -7		   5.01829566E-02	   7.53101971E-05		   5.01817044E-02	   7.53083291E-05
   7	  -7		   5.00786140E-02	   7.44420656E-05		   5.00773671E-02	   7.44404385E-05
   8	  -7		   4.99933601E-02	   7.51614716E-05		   4.99921280E-02	   7.51615552E-05
   9	  -7		   4.99328135E-02	   7.42603045E-05		   4.99315743E-02	   7.42587665E-05
  10	  -7		   4.99160429E-02	   7.39268197E-05		   4.99148032E-02	   7.39273003E-05
  -9	  -6		   5.00170238E-02	   7.40369713E-05		   5.00157774E-02	   7.40365005E-05
  -8	  -6		   5.00834454E-02	   7.53210317E-05		   5.00821834E-02	   7.53192581E-05
  -7	  -6		   5.01931757E-02	   7.38010749E-05		   5.01919323E-02	   7.37969366E-05
  -6	  -6		   5.03406604E-02	   7.35170371E-05		   5.03393845E-02	   7.35155893E-05
  -5	  -6		   5.05146411E-02	   7.43944060E-05		   5.05133910E-02	   7.43937662E-05
  -4	  -6		   5.07159537E-02	   7.30079917E-05		   5.07146426E-02	   7.30068440E-05
  -3	  -6		   5.09060739E-02	   7.23684451E-05		   5.09048106E-02	   7.23671010E-05
  -2	  -6		   5.10883769E-02	   7.06764725E-05		   5.10870768E-02	   7.06717994E-05
  -1	  -6		   5.12132674E-02	   7.26473875E-05		   5.12119818E-02	   7.26440895E-05
   0	  -6		   5.12660136E-02	   7.22832554E-05		   5.12647209E-02	   7.22808075E-05
   1	  -6		   5.12134977E-02	   7.13645883E-05		   5.12122019E-02	   7.13624457E-05
   2	  -6		   5.11057259E-02	   7.10405530E-05		   5.11044308E-02	   7.10409905E-05
   3	  -6		   5.09229240E-02	   7.25103371E-05		   5.09216467E-02	   7.25095565E-05
   4	  -6		   5.07310402E-02	   7.36378991E-05		   5.07297439E-02	   7.36362713E-05
   5	  -6		   5.05084550E-02	   7.34410262E-05		   5.05071910E-02	   7.34367884E-05
   6	  -6		   5.03376367E-02	   7.36361853E-05		   5.03363735E-02	   7.36316148E-05
   7	  -6		   5.01884717E-02	   7.39884746E-05		   5.01872232E-02	   7.39856941E-05
   8	  -6		   5.00764761E-02	   7.38247623E-05		   5.00752317E-02	   7.38218337E-05
   9	  -6		   5.00075521E-02	   7.23685495E-05		   5.00063185E-02	   7.23674810E-05
  10	  -6		   4.99835601E-02	   7.27377374E-05		   4.99823299E-02	   7.27368594E-05
  -9	  -5		   5.01099136E-02	   7.37410219E-05		   5.01086632E-02	   7.37367972E-05
  -8	  -5		   5.01867631E-02	   7.43374505E-05		   5.01855213E-02	   7.43354430E-05
  -7	  -5		   5.03339005E-02	   7.45329839E-05		   5.03326469E-02	   7.45276511E-05
  -6	  -5		   5.05136003E-02	   7.31713163E-05		   5.05123320E-02	   7.31685961E-05
  -5	  -5		   5.07728506E-02	   7.30517155E-05		   5.07715246E-02	   7.30493653E-05
  -4	  -5		   5.10574796E-02	   7.32742019E-05		   5.10561397E-02	   7.32722018E-05
  -3	  -5		   5.13941663E-02	   7.32797777E-05		   5.13926667E-02	   7.32759904E-05
  -2	  -5		   5.16521998E-02	   7.05005680E-05		   5.16508584E-02	   7.04982996E-05
  -1	  -5		   5.18835771E-02	   7.21829023E-05		   5.18822048E-02	   7.21822448E-05
   0	  -5		   5.19295916E-02	   7.16021928E-05		   5.19281970E-02	   7.15977113E-05
   1	  -5		   5.18961822E-02	   7.36085101E-05		   5.18948085E-02	   7.36038255E-05
   2	  -5		   5.16700755E-02	   7.30457278E-05		   5.16687279E-02	   7.30455621E-05
   3	  -5		   5.14156509E-02	   7.50709991E-05		   5.14141354E-02	   7.50691284E-05
   4	  -5		   5.10726893E-02	   7.34996976E-05		   5.10713435E-02	   7.34974854E-05
   5	  -5		   5.07863148E-02	   7.44318193E-05		   5.07849654E-02	   7.44264712E-05
   6	  -5		   5.05190583E-02	   7.51270629E-05		   5.05177831E-02	   7.51259332E-05
   7	  -5		   5.03228907E-02	   7.36179758E-05		   5.03216300E-02	   7.36164466E-05
   8	  -5		   5.01722426E-02	   7.21967526E-05		   5.01710066E-02	   7.21920746E-05
   9	  -5		   5.00972986E-02	   7.18906991E-05		   5.00960423E-02	   7.18907377E-05
  10	  -5		   5.00699841E-02	   7.43584217E-05		   5.00687415E-02	   7.43584109E-05
  -9	  -4		   5.01942640E-02	   7.43569910E-05		   5.01929916E-02	   7.43516898E-05
  -8	  -4		   5.03000482E-02	   7.45189786E-05		   5.02988007E-02	   7.45170956E-05
  -7	  -4		   5.04694330E-02	   7.36516194E-05		   5.04681826E-02	   7.36493113E-05
  -6	  -4		   5.07386493E-02	   7.35306638E-05		   5.07373453E-02	   7.35279113E-05
  -5	  -4		   5.10693225E-02	   7.28453853E-05		   5.10679920E-02	   7.28418194E-05
  -4	  -4		   5.15344447E-02	   7.33806019E-05		   5.15327520E-02	   7.33757694E-05
  -3	  -4		   5.20276810E-02	   7.28946989E-05		   5.20253498E-02	   7.28849556E-05
  -2	  -4		   5.25706452E-02	   7.20690252E-05		   5.25681516E-02	   7.20693335E-05
  -1	  -4		   5.29045938E-02	   7.18820631E-05		   5.29029417E-02	   7.18791919E-05
   0	  -4		   5.30669416E-02	   7.19288866E-05		   5.30655099E-02	   7.19288270E-05
   1	  -4		   5.29067860E-02	   7.32881808E-05		   5.29050919E-02	   7.32868947E-05
   2	  -4		   5.25791128E-02	   7.28173733E-05		   5.25766171E-02	   7.28136754E-05
   3	  -4		   5.20385690E-02	   7.47092158E-05		   5.20362592E-02	   7.47071055E-05
   4	  -4		   5.15347714E-02	   7.43238578E-05		   5.15330762E-02	   7.43244406E-05
   5	  -4		   5.10731976E-02	   7.43263155E-05		   5.10718520E-02	   7.43213310E-05
   6	  -4		   5.07405249E-02	   7.36875089E-05		   5.07392102E-02	   7.36844166E-05
   7	  -4		   5.04672036E-02	   7.29316989E-05		   5.04659394E-02	   7.29297419E-05
   8	  -4		   5.02823740E-02	   7.32286698E-05		   5.02811281E-02	   7.32248323E-05
   9	  -4		   5.01844624E-02	   7.06345499E-05		   5.01832293E-02	   7.06334321E-05
  10	  -4		   5.01577501E-02	   7.22626047E-05		   5.01565058E-02	   7.22589837E-05
  -9	  -3		   5.02713845E-02	   7.40552002E-05		   5.02701297E-02	   7.40554543E-05
  -8	  -3		   5.03902946E-02	   7.33969774E-05		   5.03890339E-02	   7.33950960E-05
  -7	  -3		   5.06039749E-02	   7.44298739E-05		   5.06027129E-02	   7.44269491E-05
  -6	  -3		   5.09185748E-02	   7.36839236E-05		   5.09172930E-02	   7.36829003E-05
  -5	  -3		   5.14002676E-02	   7.19266717E-05		   5.13987663E-02	   7.19247256E-05
  -4	  -3		   5.20294961E-02	   7.26959454E-05		   5.20271935E-02	   7.26905750E-05
  -3	  -3		   5.29119875E-02	   7.18515759E-05		   5.29085475E-02	   7.18484290E-05
  -2	  -3		   5.39341113E-02	   7.14290469E-05		   5.39193924E-02	   7.14193270E-05
  -1	  -3		   5.47442875E-02	   7.12895725E-05		   5.47365371E-02	   7.12896521E-05
   0	  -3		   5.50433154E-02	   7.18653884E-05		   5.50417647E-02	   7.18629758E-05
   1	  -3		   5.47500003E-02	   7.32863292E-05		   5.47422038E-02	   7.32885360E-05
   2	  -3		   5.39479284E-02	   7.32880715E-05		   5.39332989E-02	   7.32878746E-05
   3	  -3		   5.29103423E-02	   7.37004357E-05		   5.29069393E-02	   7.36957331E-05
   4	  -3		   5.20228740E-02	   7.28456402E-05		   5.20205710E-02	   7.28408029E-05
   5	  -3		   5.14087549E-02	   7.33556122E-05		   5.14072242E-02	   7.33534008E-05
   6	  -3		   5.09267393E-02	   7.28502690E-05		   5.09254678E-02	   7.28505181E-05
   7	  -3		   5.06105979E-02	   7.23191323E-05		   5.06093364E-02	   7.23190359E-05
   8	  -3		   5.03828635E-02	   7.15390820E-05		   5.03816079E-02	   7.15362566E-05
   9	  -3		   5.02612814E-02	   7.16122365E-05		   5.02600373E-02	   7.16079719E-05
  10	  -3		   5.02255611E-02	   7.21122594E-05		   5.02243128E-02	   7.21117645E-05
  -9	  -2		   5.03352427E-02	   7.32373766E-05		   5.03339946E-02	   7.32362617E-05
  -8	  -2		   5.04704931E-02	   7.27203603E-05		   5.04692343E-02	   7.27178627E-05
  -7	  -2		   5.07058188E-02	   7.50663923E-05		   5.07045566E-02	   7.50631637E-05
  -6	  -2		   5.11038225E-02	   7.28465202E-05		   5.11025286E-02	   7.28430046E-05
  -5	  -2		   5.16668738E-02	   7.23633282E-05		   5.16655320E-02	   7.23638352E-05
  -4	  -2		   5.25845753E-02	   7.30979341E-05		   5.25820718E-02	   7.30967034E-05
  -3	  -2		   5.39397918E-02	   7.23655139E-05		   5.39250964E-02	   7.23607403E-05
  -2	  -2		   5.57132136E-02	   7.19220554E-05		   5.57025087E-02	   7.19121763E-05
  -1	  -2		   5.90070868E-02	   7.31633326E-05		   5.87905909E-02	   7.30671736E-05
   0	  -2		   5.94991709E-02	   7.24044818E-05		   5.94204778E-02	   7.24042451E-05
   1	  -2		   5.90066260E-02	   7.20798219E-05		   5.87901064E-02	   7.20597400E-05
   2	  -2		   5.57247174E-02	   7.25302243E-05		   5.57140395E-02	   7.25290838E-05
   3	  -2		   5.39448638E-02	   7.27879406E-05		   5.39302390E-02	   7.27649189E-05
   4	  -2		   5.25739106E-02	   7.22785711E-05		   5.25713923E-02	   7.22796611E-05
   5	  -2		   5.16663125E-02	   7.23342450E-05		   5.16649728E-02	   7.23291085E-05
   6	  -2		   5.11015000E-02	   7.18261805E-05		   5.11002060E-02	   7.18240209E-05
   7	  -2		   5.07189231E-02	   7.17748017E-05		   5.07176582E-02	   7.17741754E-05
   8	  -2		   5.04812504E-02	   7.12524434E-05		   5.04800103E-02	   7.12521823E-05
   9	  -2		   5.03312853E-02	   7.21444341E-05		   5.03300461E-02	   7.21432350E-05
  10	  -2		   5.02929081E-02	   7.21853291E-05		   5.02916488E-02	   7.21838296E-05
  -9	  -1		   5.03828796E-02	   7.27002802E-05		   5.03816146E-02	   7.26997106E-05
  -8	  -1		   5.05221385E-02	   7.29536299E-05		   5.05208829E-02	   7.29513315E-05
  -7	  -1		   5.07918245E-02	   7.37484175E-05		   5.07905655E-02	   7.37467535E-05
  -6	  -1		   5.12124885E-02	   7.32605013E-05		   5.12112192E-02	   7.32622356E-05
  -5	  -1		   5.18925311E-02	   7.21145136E-05		   5.18911603E-02	   7.21120894E-05
  -4	  -1		   5.29155168E-02	   7.27553369E-05		   5.29138599E-02	   7.27521224E-05
  -3	  -1		   5.47519183E-02	   7.25330409E-05		   5.47441331E-02	   7.25286416E-05
  -2	  -1		   5.90017985E-02	   7.06603523E-05		   5.87850572E-02	   7.07006428E-05
  -1	  -1		   6.26362596E-02	   7.15596638E-05		   6.26264385E-02	   7.15563159E-05
   0	  -1		   9.13404154E-02	   7.56235634E-05		   8.17904628E-02	   7.53509904E-05
   1	  -1		   6.26418845E-02	   7.21518225E-05		   6.26320574E-02	   7.21487198E-05
   2	  -1		   5.90196940E-02	   7.40510833E-05		   5.88033171E-02	   7.39847666E-05
   3	  -1		   5.47607632E-02	   7.35922580E-05		   5.47529842E-02	   7.35897088E-05
   4	  -1		   5.29114519E-02	   7.27926581E-05		   5.29097877E-02	   7.27911570E-05
   5	  -1		   5.18911755E-02	   7.20507530E-05		   5.18898078E-02	   7.20443883E-05
   6	  -1		   5.12094723E-02	   7.15374886E-05		   5.12081836E-02	   7.15380680E-05
   7	  -1		   5.08039219E-02	   7.35979595E-05		   5.08026558E-02	   7.35972598E-05
   8	  -1		   5.05328003E-02	   7.25490901E-05		   5.05315480E-02	   7.25462246E-05
   9	  -1		   5.03856731E-02	   7.15652427E-05		   5.03844240E-02	   7.15618306E-05
  10	  -1		   5.03333525E-02	   7.28939222E-05		   5.03321126E-02	   7.28927423E-05
  -9	   0		   5.03944577E-02	   7.18904472E-05		   5.03931954E-02	   7.18854141E-05
  -8	   0		   5.05527712E-02	   7.36801385E-05		   5.05515190E-02	   7.36785672E-05
  -7	   0		   5.08148662E-02	   7.45246887E-05		   5.08136045E-02	   7.45235727E-05
  -6	   0		   5.12654062E-02	   7.29293265E-05		   5.12641112E-02	   7.29301016E-05
  -5	   0		   5.19344925E-02	   7.25663953E-05		   5.19330725E-02	   7.25610704E-05
  -4	   0		   5.30712878E-02	   7.35317194E-05		   5.30698392E-02	   7.35279466E-05
  -3	   0		   5.50582069E-02	   7.28506489E-05		   5.50566581E-02	   7.28484794E-05
  -2	   0		   5.95078194E-02	   7.21642081E-05		   5.94289180E-02	   7.21676663E-05
  -1	   0		   9.13443853E-02	   7.43637888E-05		   8.17930605E-02	   7.45133677E-05
   0	   0		   2.11151668E-01	   8.41061430E-05		   8.41952836E-02	   8.41110244E-05
   1	   0		   9.13443853E-02	   7.43637888E-05		   8.17930605E-02	   7.45133677E-05
   2	   0		   5.95078194E-02	   7.21642081E-05		   5.94289180E-02	   7.21676663E-05
   3	   0		   5.50582069E-02	   7.28506489E-05		   5.50566581E-02	   7.28484794E-05
   4	   0		   5.30712878E-02	   7.35317194E-05		   5.30698392E-02	   7.35279466E-05
   5	   0		   5.19344925E-02	   7.25663953E-05		   5.19330725E-02	   7.25610704E-05
   6	   0		   5.12654062E-02	   7.29293265E-05		   5.12641112E-02	   7.29301016E-05
   7	   0		   5.08148662E-02	   7.45246887E-05		   5.08136045E-02	   7.45235727E-05
   8	   0		   5.05527712E-02	   7.36801385E-05		   5.05515190E-02	   7.36785672E-05
   9	   0		   5.03944577E-02	   7.18904472E-05		   5.03931954E-02	   7.18854141E-05
  10	   0		   5.03525431E-02	   7.31562329E-05		   5.03512983E-02	   7.31556536E-05
  -9	   1		   5.03856731E-02	   7.15652427E-05		   5.03844240E-02	   7.15618306E-05
  -8	   1		   5.05328003E-02	   7.25490901E-05		   5.05315480E-02	   7.25462246E-05
  -7	   1		   5.08039219E-02	   7.35979595E-05		   5.08026558E-02	   7.35972598E-05
  -6	   1		   5.12094723E-02	   7.15374886E-05		   5.12081836E-02	   7.15380680E-05
  -5	   1		   5.18911755E-02	   7.20507530E-05		   5.18898078E-02	   7.20443883E-05
  -4	   1		   5.29114519E-02	   7.27926581E-05		   5.29097877E-02	   7.27911570E-05
  -3	   1		   5.47607632E-02	   7.35922580E-05		   5.47529842E-02	   7.35897088E-05
  -2	   1		   5.90196940E-02	   7.40510833E-05		   5.88033171E-02	   7.39847666E-05
  -1	   1		   6.26418845E-02	   7.21518225E-05		   6.26320574E-02	   7.21487198E-05
   0	   1		   9.13404154E-02	   7.56235634E-05		   8.17904628E-02	   7.53509904E-05
   1	   1		   6.26362596E-02	   7.15596638E-05		   6.26264385E-02	   7.15563159E-05
   2	   1		   5.90017985E-02	   7.06603523E-05		   5.87850572E-02	   7.07006428E-05
   3	   1		   5.47519183E-02	   7.25330409E-05		   5.47441331E-02	   7.25286416E-05
   4	   1		   5.29155168E-02	   7.27553369E-05		   5.29138599E-02	   7.27521224E-05
   5	   1		   5.18925311E-02	   7.21145136E-05		   5.18911603E-02	   7.21120894E-05
   6	   1		   5.12124885E-02	   7.32605013E-05		   5.12112192E-02	   7.32622356E-05
   7	   1		   5.07918245E-02	   7.37484175E-05		   5.07905655E-02	   7.37467535E-05
   8	   1		   5.05221385E-02	   7.29536299E-05		   5.05208829E-02	   7.29513315E-05
   9	   1		   5.03828796E-02	   7.27002802E-05		   5.03816146E-02	   7.26997106E-05
  10	   1		   5.03333525E-02	   7.28939222E-05		   5.03321126E-02	   7.28927423E-05
  -9	   2		   5.03312853E-02	   7.21444341E-05		   5.03300461E-02	   7.21432350E-05
  -8	   2		   5.04812504E-02	   7.12524434E-05		   5.04800103E-02	   7.12521823E-05
  -7	   2		   5.07189231E-02	   7.17748017E-05		   5.07176582E-02	   7.17741754E-05
  -6	   2		   5.11015000E-02	   7.18261805E-05		   5.11002060E-02	   7.18240209E-05
  -5	   2		   5.16663125E-02	   7.23342450E-05		   5.16649728E-02	   7.23291085E-05
  -4	   2		   5.25739106E-02	   7.22785711E-05		   5.25713923E-02	   7.22796611E-05
  -3	   2		   5.39448638E-02	   7.27879406E-05		   5.39302390E-02	   7.27649189E-05
  -2	   2		   5.57247174E-02	   7.25302243E-05		   5.57140395E-02	   7.25290838E-05
  -1	   2		   5.90066260E-02	   7.20798219E-05		   5.87901064E-02	   7.20597400E-05
   0	   2		   5.94991709E-02	   7.24044818E-05		   5.94204778E-02	   7.24042451E-05
   1	   2		   5.90070868E-02	   7.31633326E-05		   5.87905909E-02	   7.30671736E-05
   2	   2		   5.57132136E-02	   7.19220554E-05		   5.57025087E-02	   7.19121763E-05
   3	   2		   5.39397918E-02	   7.23655139E-05		   5.39250964E-02	   7.23607403E-05
   4	   2		   5.25845753E-02	   7.30979341E-05		   5.25820718E-02	   7.30967034E-05
   5	   2		   5.16668738E-02	   7.23633282E-05		   5.16655320E-02	   7.23638352E-05
   6	   2		   5.11038225E-02	   7.28465202E-05		   5.11025286E-02	   7.28430046E-05
   7	   2		   5.07058188E-02	   7.50663923E-05		   5.07045566E-02	   7.50631637E-05
   8	   2		   5.04704931E-02	   7.27203603E-05		   5.04692343E-02	   7.27178627E-05
   9	   2		   5.03352427E-02	   7.32373766E-05		   5.03339946E-02	   7.32362617E-05
  10	   2		   5.02929081E-02	   7.21853291E-05		   5.02916488E-02	   7.21838296E-05
  -9	   3		   5.02612814E-02	   7.16122365E-05		   5.02600373E-02	   7.16079719E-05
  -8	   3		   5.03828635E-02	   7.15390820E-05		   5.03816079E-02	   7.15362566E-05
  -7	   3		   5.06105979E-02	   7.23191323E-05		   5.06093364E-02	   7.23190359E-05
  -6	   3		   5.09267393E-02	   7.28502690E-05		   5.09254678E-02	   7.28505181E-05
  -5	   3		   5.14087549E-02	   7.33556122E-05		   5.14072242E-02	   7.33534008E-05
  -4	   3		   5.20228740E-02	   7.28456402E-05		   5.20205710E-02	   7.28408029E-05
  -3	   3		   5.29103423E-02	   7.37004357E-05		   5.29069393E-02	   7.36957331E-05
  -2	   3		   5.39479284E-02	   7.32880715E-05		   5.39332989E-02	   7.32878746E-05
  -1	   3		   5.47500003E-02	   7.32863292E-05		   5.47422038E-02	   7.32885360E-05
   0	   3		   5.50433154E-02	   7.18653884E-05		   5.50417647E-02	   7.18629758E-05
   1	   3		   5.47442875E-02	   7.12895725E-05		   5.47365371E-02	   7.12896521E-05
   2	   3		   5.39341113E-02	   7.14290469E-05		   5.39193924E-02	   7.14193270E-05
   3	   3		   5.29119875E-02	   7.18515759E-05		   5.29085475E-02	   7.18484290E-05
   4	   3		   5.20294961E-02	   7.26959454E-05		   5.20271935E-02	   7.26905750E-05
   5	   3		   5.14002676E-02	   7.19266717E-05		   5.13987663E-02	   7.19247256E-05
   6	   3		   5.09185748E-02	   7.36839236E-05		   5.09172930E-02	   7.36829003E-05
   7	   3		   5.06039749E-02	   7.44298739E-05		   5.06027129E-02	   7.44269491E-05
   8	   3		   5.03902946E-02	   7.33969774E-05		   5.03890339E-02	   7.33950960E-05
   9	   3		   5.02713845E-02	   7.40552002E-05		   5.02701297E-02	   7.40554543E-05
  10	   3		   5.02255611E-02	   7.21122594E-05		   5.02243128E-02	   7.21117645E-05
  -9	   4		   5.01844624E-02	   7.06345499E-05		   5.01832293E-02	   7.06334321E-05
  -8	   4		   5.02823740E-02	   7.32286698E-05		   5.02811281E-02	   7.32248323E-05
  -7	   4		   5.04672036E-02	   7.29316989E-05		   5.04659394E-02	   7.29297419E-05
  -6	   4		   5.07405249E-02	   7.36875089E-05		   5.07392102E-02	   7.36844166E-05
  -5	   4		   5.10731976E-02	   7.43263155E-05		   5.10718520E-02	   7.43213310E-05
  -4	   4		   5.15347714E-02	   7.43238578E-05		   5.15330762E-02	   7.43244406E-05
  -3	   4		   5.20385690E-02	   7.47092158E-05		   5.20362592E-02	   7.47071055E-05
  -2	   4		   5.25791128E-02	   7.28173733E-05		   5.25766171E-02	   7.28136754E-05
  -1	   4		   5.29067860E-02	   7.32881808E-05		   5.29050919E-02	   7.32868947E-05
   0	   4		   5.30669416E-02	   7.19288866E-05		   5.30655099E-02	   7.19288270E-05
   1	   4		   5.29045938E-02	   7.18820631E-05		   5.29029417E-02	   7.18791919E-05
   2	   4		   5.25706452E-02	   7.20690252E-05		   5.25681516E-02	   7.20693335E-05
   3	   4		   5.20276810E-02	   7.28946989E-05		   5.20253498E-02	   7.28849556E-05
   4	   4		   5.15344447E-02	   7.33806019E-05		   5.15327520E-02	   7.33757694E-05
   5	   4		   5.10693225E-02	   7.28453853E-05		   5.10679920E-02	   7.28418194E-05
   6	   4		   5.07386493E-02	   7.35306638E-05		   5.07373453E-02	   7.35279113E-05
   7	   4		   5.04694330E-02	   7.36516194E-05		   5.04681826E-02	   7.36493113E-05
   8	   4		   5.03000482E-02	   7.45189786E-05		   5.02988007E-02	   7.45170956E-05
   9	   4		   5.01942640E-02	   7.43569910E-05		   5.01929916E-02	   7.43516898E-05
  10	   4		   5.01577501E-02	   7.22626047E-05		   5.01565058E-02	   7.22589837E-05
  -9	   5		   5.00972986E-02	   7.18906991E-05		   5.00960423E-02	   7.18907377E-05
  -8	   5		   5.01722426E-02	   7.21967526E-05		   5.01710066E-02	   7.21920746E-05
  -7	   5		   5.03228907E-02	   7.36179758E-05		   5.03216300E-02	   7.36164466E-05
  -6	   5		   5.05190583E-02	   7.51270629E-05		   5.05177831E-02	   7.51259332E-05
  -5	   5		   5.07863148E-02	   7.44318193E-05		   5.07849654E-02	   7.44264712E-05
  -4	   5		   5.10726893E-02	   7.34996976E-05		   5.10713435E-02	   7.34974854E-05
  -3	   5		   5.14156509E-02	   7.50709991E-05		   5.14141354E-02	   7.50691284E-05
  -2	   5		   5.16700755E-02	   7.30457278E-05		   5.16687279E-02	   7.30455621E-05
  -1	   5		   5.18961822E-02	   7.36085101E-05		   5.18948085E-02	   7.36038255E-05
   0	   5		   5.19295916E-02	   7.16021928E-05		   5.19281970E-02	   7.15977113E-05
   1	   5		   5.18835771E-02	   7.21829023E-05		   5.18822048E-02	   7.21822448E-05
   2	   5		   5.16521998E-02	   7.05005680E-05		   5.16508584E-02	   7.04982996E-05
   3	   5		   5.13941663E-02	   7.32797777E-05		   5.13926667E-02	   7.32759904E-05
   4	   5		   5.10574796E-02	   7.32742019E-05		   5.10561397E-02	   7.32722018E-05
   5	   5		   5.07728506E-02	   7.30517155E-05		   5.07715246E-02	   7.30493653E-05
   6	   5		   5.05136003E-02	   7.31713163E-05		   5.05123320E-02	   7.31685961E-05
   7	   5		   5.03339005E-02	   7.45329839E-05		   5.03326469E-02	   7.45276511E-05
   8	   5		   5.01867631E-02	   7.43374505E-05		   5.01855213E-02	   7.43354430E-05
   9	   5		   5.01099136E-02	   7.37410219E-05		   5.01086632E-02	   7.37367972E-05
  10	   5		   5.00699841E-02	   7.43584217E-05		   5.00687415E-02	   7.43584109E-05
  -9	   6		   5.00075521E-02	   7.23685495E-05		   5.00063185E-02	   7.23674810E-05
  -8	   6		   5.00764761E-02	   7.38247623E-05		   5.00752317E-02	   7.38218337E-05
  -7	   6		   5.01884717E-02	   7.39884746E-05		   5.01872232E-02	   7.39856941E-05
  -6	   6		   5.03376367E-02	   7.36361853E-05		   5.03363735E-02	   7.36316148E-05
  -5	   6		   5.05084550E-02	   7.34410262E-05		   5.05071910E-02	   7.34367884E-05
  -4	   6		   5.07310402E-02	   7.36378991E-05		   5.07297439E-02	   7.36362713E-05
  -3	   6		   5.09229240E-02	   7.25103371E-05		   5.09216467E-02	   7.25095565E-05
  -2	   6		   5.11057259E-02	   7.10405530E-05		   5.11044308E-02	   7.10409905E-05
  -1	   6		   5.12134977E-02	   7.13645883E-05		   5.12122019E-02	   7.13624457E-05
   0	   6		   5.12660136E-02	   7.22832554E-05		   5.12647209E-02	   7.22808075E-05
   1	   6		   5.12132674E-02	   7.26473875E-05		   5.12119818E-02	   7.26440895E-05
   2	   6		   5.10883769E-02	   7.06764725E-05		   5.10870768E-02	   7.06717994E-05
   3	   6		   5.09060739E-02	   7.23684451E-05		   5.09048106E-02	   7.23671010E-05
   4	   6		   5.07159537E-02	   7.30079917E-05		   5.07146426E-02	   7.30068440E-05
   5	   6		   5.05146411E-02	   7.43944060E-05		   5.05133910E-02	   7.43937662E-05
   6	   6		   5.03406604E-02	   7.35170371E-05		   5.03393845E-02	   7.35155893E-05
   7	   6		   5.01931757E-02	   7.38010749E-05		   5.01919323E-02	   7.37969366E-05
   8	   6		   5.00834454E-02	   7.53210317E-05		   5.00821834E-02	   7.53192581E-05
   9	   6		   5.00170238E-02	   7.40369713E-05		   5.00157774E-02	   7.40365005E-05
  10	   6		   4.99835601E-02	   7.27377374E-05		   4.99823299E-02	   7.27368594E-05
  -9	   7		   4.99328135E-02	   7.42603045E-05		   4.99315743E-02	   7.42587665E-05
  -8	   7		   4.99933601E-02	   7.51614716E-05		   4.99921280E-02	   7.51615552E-05
  -7	   7		   5.00786140E-02	   7.44420656E-05		   5.00773671E-02	   7.44404385E-05
  -6	   7		   5.01829566E-02	   7.53101971E-05		   5.01817044E-02	   7.53083291E-05
  -5	   7		   5.03066765E-02	   7.34196017E-05		   5.03054136E-02	   7.34190264E-05
  -4	   7		   5.04508232E-02	   7.45325075E-05		   5.04495654E-02	   7.45320190E-05
  -3	   7		   5.05950751E-02	   7.27153554E-05		   5.05938146E-02	   7.27124096E-05
  -2	   7		   5.06995213E-02	   7.25620925E-05		   5.06982689E-02	   7.25617586E-05
  -1	   7		   5.07889662E-02	   7.21036527E-05		   5.07876956E-02	   7.21032312E-05
   0	   7		   5.08107638E-02	   7.21708888E-05		   5.08094985E-02	   7.21710477E-05
   1	   7		   5.07928692E-02	   7.22240263E-05		   5.07916123E-02	   7.22199423E-05
   2	   7		   5.06923824E-02	   7.20032547E-05		   5.06911080E-02	   7.20042754E-05
   3	   7		   5.05823396E-02	   7.18878570E-05		   5.05810847E-02	   7.18876135E-05
   4	   7		   5.04382388E-02	   7.25907604E-05		   5.04369817E-02	   7.25894817E-05
   5	   7		   5.03209561E-02	   7.52013378E-05		   5.03196970E-02	   7.51973107E-05
   6	   7		   5.01829071E-02	   7.35143812E-05		   5.01816661E-02	   7.35130910E-05
   7	   7		   5.00711836E-02	   7.42061751E-05		   5.00699440E-02	   7.42044199E-05
   8	   7		   4.99897021E-02	   7.42390180E-05		   4.99884680E-02	   7.42369666E-05
   9	   7		   4.99366548E-02	   7.37636478E-05		   4.99354037E-02	   7.37628354E-05
  10	   7		   4.99160429E-02	   7.39268197E-05		   4.99148032E-02	   7.39273003E-05
  -9	   8		   4.98809502E-02	   7.55800926E-05		   4.98797220E-02	   7.55762894E-05
  -8	   8		   4.99268106E-02	   7.56124251E-05		   4.99255626E-02	   7.56121133E-05
  -7	   8		   4.99812638E-02	   7.47497450E-05		   4.99800101E-02	   7.47470015E-05
  -6	   8		   5.00789415E-02	   7.45609399E-05		   5.00777055E-02	   7.45585156E-05
  -5	   8		   5.01751232E-02	   7.35415889E-05		   5.01738712E-02	   7.35386682E-05
  -4	   8		   5.02784986E-02	   7.42185121E-05		   5.02772453E-02	   7.42156217E-05
  -3	   8		   5.03732732E-02	   7.35516672E-05		   5.03720351E-02	   7.35505661E-05
  -2	   8		   5.04630401E-02	   7.31007175E-05		   5.04617810E-02	   7.30987958E-05
  -1	   8		   5.05141934E-02	   7.29869450E-05		   5.05129467E-02	   7.29847542E-05
   0	   8		   5.05417411E-02	   7.25812324E-05		   5.05404897E-02	   7.25807143E-05
   1	   8		   5.05057966E-02	   7.14287416E-05		   5.05045384E-02	   7.14259187E-05
   2	   8		   5.04558841E-02	   7.09330232E-05		   5.04546123E-02	   7.09310193E-05
   3	   8		   5.03690588E-02	   7.19210153E-05		   5.03678065E-02	   7.19188459E-05
   4	   8		   5.02755230E-02	   7.20200843E-05		   5.02742664E-02	   7.20183910E-05
   5	   8		   5.01764448E-02	   7.54613565E-05		   5.01752108E-02	   7.54606296E-05
   6	   8		   5.00807404E-02	   7.40166612E-05		   5.00795019E-02	   7.40132692E-05
   7	   8		   4.99929143E-02	   7.50338632E-05		   4.99916687E-02	   7.50313896E-05
   8	   8		   4.99259078E-02	   7.50535127E-05		   4.99246613E-02	   7.50526013E-05
   9	   8		   4.98835054E-02	   7.41092397E-05		   4.98822616E-02	   7.41097263E-05
  10	   8		   4.98667787E-02	   7.46704611E-05		   4.98655545E-02	   7.46675268E-05
  -9	   9		   4.98497918E-02	   7.48168557E-05		   4.98485587E-02	   7.48169964E-05
  -8	   9		   4.98828398E-02	   7.59580074E-05		   4.98816002E-02	   7.59583198E-05
  -7	   9		   4.99352205E-02	   7.54321237E-05		   4.99339728E-02	   7.54300454E-05
  -6	   9		   5.00129884E-02	   7.45683288E-05		   5.00117343E-02	   7.45671645E-05
  -5	   9		   5.00927758E-02	   7.47231029E-05		   5.00915317E-02	   7.47245157E-05
  -4	   9		   5.01790443E-02	   7.41777829E-05		   5.01777948E-02	   7.41763993E-05
  -3	   9		   5.02580542E-02	   7.35850891E-05		   5.02568034E-02	   7.35828163E-05
  -2	   9		   5.03203255E-02	   7.18227839E-05		   5.03190838E-02	   7.18187792E-05
  -1	   9		   5.03680581E-02	   7.25369037E-05		   5.03667999E-02	   7.25376199E-05
   0	   9		   5.03806102E-02	   7.12793103E-05		   5.03793436E-02	   7.12727397E-05
   1	   9		   5.03570622E-02	   6.92406204E-05		   5.03557999E-02	   6.92378657E-05
   2	   9		   5.03121125E-02	   7.04154474E-05		   5.03108553E-02	   7.04121244E-05
   3	   9		   5.02597063E-02	   7.27981753E-05		   5.02584619E-02	   7.27944813E-05
   4	   9		   5.01691371E-02	   7.33488368E-05		   5.01678830E-02	   7.33459411E-05
   5	   9		   5.00898002E-02	   7.48413018E-05		   5.00885477E-02	   7.48414000E-05
   6	   9		   5.00160850E-02	   7.41319525E-05		   5.00148425E-02	   7.41315516E-05
   7	   9		   4.99401089E-02	   7.48052682E-05		   4.99388750E-02	   7.48011005E-05
   8	   9		   4.98803212E-02	   7.41602300E-05		   4.98790867E-02	   7.41581017E-05
   9	   9		   4.98499510E-02	   7.62520189E-05		   4.98487174E-02	   7.62494639E-05
  10	   9		   4.98291866E-02	   7.46805549E-05		   4.98279324E-02	   7.46791595E-05
  -9	  10		   4.98392647E-02	   7.63388612E-05		   4.98380192E-02	   7.63374845E-05
  -8	  10		   4.98721243E-02	   7.41676979E-05		   4.98708813E-02	   7.41675659E-05
  -7	  10		   4.99207378E-02	   7.48849844E-05		   4.99194973E-02	   7.48842707E-05
  -6	  10		   4.99934563E-02	   7.43894632E-05		   4.99922175E-02	   7.43861735E-05
  -5	  10		   5.00567339E-02	   7.42040749E-05		   5.00554901E-02	   7.42050375E-05
  -4	  10		   5.01372226E-02	   7.29286810E-05		   5.01359791E-02	   7.29266666E-05
  -3	  10		   5.02184421E-02	   7.30164413E-05		   5.02171963E-02	   7.30149128E-05
  -2	  10		   5.02708922E-02	   7.07142581E-05		   5.02696319E-02	   7.07105718E-05
  -1	  10		   5.03085351E-02	   7.01286790E-05		   5.03073034E-02	   7.01272493E-05
   0	  10		   5.03180869E-02	   7.04434494E-05		   5.03168273E-02	   7.04416361E-05
   1	  10		   5.03085351E-02	   7.01286790E-05		   5.03073034E-02	   7.01272493E-05
   2	  10		   5.02708922E-02	   7.07142581E-05		   5.02696319E-02	   7.07105718E-05
   3	  10		   5.02184421E-02	   7.30164413E-05		   5.02171963E-02	   7.30149128E-05
   4	  10		   5.01372226E-02	   7.29286810E-05		   5.01359791E-02	   7.29266666E-05
   5	  10		   5.00567339E-02	   7.42040749E-05		   5.00554901E-02	   7.42050375E-05
   6	  10		   4.99934563E-02	   7.43894632E-05		   4.99922175E-02	   7.43861735E-05
   7	  10		   4.99207378E-02	   7.48849844E-05		   4.99194973E-02	   7.48842707E-05
   8	  10		   4.98721243E-02	   7.41676979E-05		   4.98708813E-02	   7.41675659E-05
   9	  10		   4.98392647E-02	   7.63388612E-05		   4.98380192E-02	   7.63374845E-05
  10	  10		   4.98160872E-02	   7.61820667E-05		   4.98148559E-02	   7.61781970E-05
