  -9	  -9		   5.44282872E-02	   8.82363868E-05		   5.44262447E-02	   8.82327259E-05
  -8	  -9		   5.44769332E-02	   8.73312843E-05		   5.44749124E-02	   8.73331816E-05
  -7	  -9		   5.45463785E-02	   8.93715658E-05		   5.45443477E-02	   8.93663601E-05
  -6	  -9		   5.46240238E-02	   8.95159503E-05		   5.46219842E-02	   8.95189299E-05
  -5	  -9		   5.47222528E-02	   8.95143242E-05		   5.47202187E-02	   8.95129583E-05
  -4	  -9		   5.48310132E-02	   8.91606562E-05		   5.48289575E-02	   8.91564348E-05
  -3	  -9		   5.49166055E-02	   8.86787029E-05		   5.49145373E-02	   8.86737656E-05
  -2	  -9		   5.49977925E-02	   8.45419226E-05		   5.49957458E-02	   8.45428827E-05
  -1	  -9		   5.50580100E-02	   8.53871730E-05		   5.50559395E-02	   8.53843383E-05
   0	  -9		   5.50739413E-02	   8.42707050E-05		   5.50718809E-02	   8.42712556E-05
   1	  -9		   5.50540428E-02	   8.47550955E-05		   5.50519829E-02	   8.47514471E-05
   2	  -9		   5.49990859E-02	   8.53095215E-05		   5.49970364E-02	   8.53025359E-05
   3	  -9		   5.49284679E-02	   8.70639749E-05		   5.49264131E-02	   8.70657135E-05
   4	  -9		   5.48347264E-02	   8.72321049E-05		   5.48327008E-02	   8.72285114E-05
   5	  -9		   5.47260942E-02	   8.73535041E-05		   5.47240533E-02	   8.73538995E-05
   6	  -9		   5.46261737E-02	   8.91232620E-05		   5.46241334E-02	   8.91220956E-05
   7	  -9		   5.45472632E-02	   9.03317131E-05		   5.45452145E-02	   9.03316751E-05
   8	  -9		   5.44773890E-02	   9.14882500E-05		   5.44753756E-02	   9.14877720E-05
   9	  -9		   5.44291650E-02	   8.99395663E-05		   5.44271389E-02	   8.99348816E-05
  10	  -9		   5.44208638E-02	   8.89503206E-05		   5.44188476E-02	   8.89436297E-05
  -9	  -8		   5.44740911E-02	   8.91591757E-05		   5.44720562E-02	   8.91578176E-05
  -8	  -8		   5.45227109E-02	   8.77620393E-05		   5.45206756E-02	   8.77580795E-05
  -7	  -8		   5.45998774E-02	   8.85186426E-05		   5.45978445E-02	   8.85137544E-05
  -6	  -8		   5.46958783E-02	   9.02273968E-05		   5.46938374E-02	   9.02234888E-05
  -5	  -8		   5.48129283E-02	   8.91901822E-05		   5.48108978E-02	   8.91859734E-05
  -4	  -8		   5.49409026E-02	   8.78283442E-05		   5.49388484E-02	   8.78218203E-05
  -3	  -8		   5.50563742E-02	   8.74723596E-05		   5.50543046E-02	   8.74661445E-05
  -2	  -8		   5.51557376E-02	   8.45806111E-05		   5.51536796E-02	   8.45795129E-05
  -1	  -8		   5.52244671E-02	   8.36070834E-05		   5.52224115E-02	   8.36051654E-05
   0	  -8		   5.52484087E-02	   8.54329824E-05		   5.52463551E-02	   8.54306576E-05
   1	  -8		   5.52434798E-02	   8.72876164E-05		   5.52414078E-02	   8.72844648E-05
   2	  -8		   5.51739192E-02	   8.69710786E-05		   5.51718709E-02	   8.69708523E-05
   3	  -8		   5.50728900E-02	   8.82904890E-05		   5.50708133E-02	   8.82840778E-05
   4	  -8		   5.49593730E-02	   8.82203238E-05		   5.49573513E-02	   8.82152516E-05
   5	  -8		   5.48258570E-02	   8.64025339E-05		   5.48238076E-02	   8.63975102E-05
   6	  -8		   5.47085688E-02	   8.87786787E-05		   5.47065201E-02	   8.87713223E-05
   7	  -8		   5.46105853E-02	   9.14046552E-05		   5.46085330E-02	   9.13996182E-05
   8	  -8		   5.45238547E-02	   8.97200781E-05		   5.45218211E-02	   8.97181437E-05
   9	  -8		   5.44802265E-02	   9.10696896E-05		   5.44782004E-02	   9.10650893E-05
  10	  -8		   5.44670814E-02	   9.14920608E-05		   5.44650405E-02	   9.14919924E-05
  -9	  -7		   5.45402083E-02	   8.95703941E-05		   5.45381787E-02	   8.95647989E-05
  -8	  -7		   5.45966228E-02	   8.82215909E-05		   5.45945802E-02	   8.82198113E-05
  -7	  -7		   5.46995951E-02	   8.64362773E-05		   5.46975423E-02	   8.64384917E-05
  -6	  -7		   5.48216303E-02	   8.86639446E-05		   5.48196114E-02	   8.86658674E-05
  -5	  -7		   5.49858193E-02	   8.84839102E-05		   5.49837704E-02	   8.84819511E-05
  -4	  -7		   5.51469892E-02	   8.73160565E-05		   5.51449472E-02	   8.73136878E-05
  -3	  -7		   5.53117659E-02	   8.79323850E-05		   5.53097174E-02	   8.79275072E-05
  -2	  -7		   5.54543575E-02	   8.76213510E-05		   5.54522822E-02	   8.76168090E-05
  -1	  -7		   5.55462741E-02	   8.57696892E-05		   5.55442015E-02	   8.57701978E-05
   0	  -7		   5.55804405E-02	   8.81674978E-05		   5.55783824E-02	   8.81635791E-05
   1	  -7		   5.55567809E-02	   8.88838847E-05		   5.55547024E-02	   8.88870100E-05
   2	  -7		   5.54615118E-02	   8.65588731E-05		   5.54594185E-02	   8.65553165E-05
   3	  -7		   5.53246977E-02	   8.57216535E-05		   5.53226396E-02	   8.57166130E-05
   4	  -7		   5.51549192E-02	   8.71386790E-05		   5.51528432E-02	   8.71307394E-05
   5	  -7		   5.49807710E-02	   8.99111299E-05		   5.49786951E-02	   8.99116920E-05
   6	  -7		   5.48309222E-02	   9.17459313E-05		   5.48288729E-02	   9.17401096E-05
   7	  -7		   5.47000163E-02	   9.12366958E-05		   5.46979969E-02	   9.12326365E-05
   8	  -7		   5.46080944E-02	   8.94434794E-05		   5.46060330E-02	   8.94423376E-05
   9	  -7		   5.45429426E-02	   8.97267105E-05		   5.45408991E-02	   8.97247077E-05
  10	  -7		   5.45194760E-02	   9.06042160E-05		   5.45174425E-02	   9.06044741E-05
  -9	  -6		   5.46392541E-02	   9.21527382E-05		   5.46372146E-02	   9.21564278E-05
  -8	  -6		   5.46999848E-02	   9.13017897E-05		   5.46979545E-02	   9.12991021E-05
  -7	  -6		   5.48323105E-02	   8.84192025E-05		   5.48302585E-02	   8.84134122E-05
  -6	  -6		   5.49951142E-02	   8.87090334E-05		   5.49930594E-02	   8.87075794E-05
  -5	  -6		   5.52091153E-02	   8.78364129E-05		   5.52070520E-02	   8.78339567E-05
  -4	  -6		   5.54418324E-02	   8.88413601E-05		   5.54397696E-02	   8.88380695E-05
  -3	  -6		   5.56769323E-02	   8.80801439E-05		   5.56748702E-02	   8.80777751E-05
  -2	  -6		   5.59040819E-02	   8.69949926E-05		   5.59020316E-02	   8.69922184E-05
  -1	  -6		   5.60534703E-02	   8.89208327E-05		   5.60513839E-02	   8.89166713E-05
   0	  -6		   5.61090743E-02	   8.91345680E-05		   5.61070000E-02	   8.91317829E-05
   1	  -6		   5.60509285E-02	   8.84942950E-05		   5.60487977E-02	   8.84895036E-05
   2	  -6		   5.59151467E-02	   8.75849972E-05		   5.59130430E-02	   8.75875717E-05
   3	  -6		   5.57015783E-02	   8.77187970E-05		   5.56994919E-02	   8.77115650E-05
   4	  -6		   5.54421859E-02	   8.97624325E-05		   5.54401035E-02	   8.97558553E-05
   5	  -6		   5.52057295E-02	   8.98468717E-05		   5.52036584E-02	   8.98455205E-05
   6	  -6		   5.49962940E-02	   8.96546335E-05		   5.49942237E-02	   8.96554863E-05
   7	  -6		   5.48281937E-02	   8.95138177E-05		   5.48261602E-02	   8.95116197E-05
   8	  -6		   5.47142580E-02	   8.95794774E-05		   5.47122095E-02	   8.95747762E-05
   9	  -6		   5.46325477E-02	   9.03556054E-05		   5.46305128E-02	   9.03500597E-05
  10	  -6		   5.46141319E-02	   9.05750382E-05		   5.46120925E-02	   9.05719462E-05
  -9	  -5		   5.47229553E-02	   9.00706928E-05		   5.47209056E-02	   9.00704230E-05
  -8	  -5		   5.48044723E-02	   8.89501219E-05		   5.48024219E-02	   8.89458243E-05
  -7	  -5		   5.49761450E-02	   9.00127442E-05		   5.49740683E-02	   9.00153274E-05
  -6	  -5		   5.52056338E-02	   8.93049638E-05		   5.52035584E-02	   8.93034020E-05
  -5	  -5		   5.54862369E-02	   8.81878302E-05		   5.54841422E-02	   8.81874395E-05
  -4	  -5		   5.58264511E-02	   8.74462061E-05		   5.58243757E-02	   8.74452276E-05
  -3	  -5		   5.62093134E-02	   8.89788236E-05		   5.62071653E-02	   8.89770463E-05
  -2	  -5		   5.65649285E-02	   8.89968960E-05		   5.65627957E-02	   8.89947401E-05
  -1	  -5		   5.68553292E-02	   9.03659338E-05		   5.68532125E-02	   9.03585944E-05
   0	  -5		   5.69139340E-02	   8.88426832E-05		   5.69118002E-02	   8.88406494E-05
   1	  -5		   5.68540889E-02	   8.83543869E-05		   5.68519477E-02	   8.83483460E-05
   2	  -5		   5.65804410E-02	   8.76626474E-05		   5.65783380E-02	   8.76592117E-05
   3	  -5		   5.62320197E-02	   8.90617696E-05		   5.62298921E-02	   8.90639588E-05
   4	  -5		   5.58364294E-02	   9.01488657E-05		   5.58343802E-02	   9.01455912E-05
   5	  -5		   5.54889685E-02	   9.04596327E-05		   5.54869044E-02	   9.04580006E-05
   6	  -5		   5.52019684E-02	   8.89782302E-05		   5.51998953E-02	   8.89792130E-05
   7	  -5		   5.49861221E-02	   9.03411897E-05		   5.49840750E-02	   9.03352836E-05
   8	  -5		   5.48338226E-02	   8.91574349E-05		   5.48317812E-02	   8.91575191E-05
   9	  -5		   5.47343052E-02	   9.05508740E-05		   5.47322698E-02	   9.05527848E-05
  10	  -5		   5.46948911E-02	   9.07376715E-05		   5.46928478E-02	   9.07354282E-05
  -9	  -4		   5.48310665E-02	   9.02933642E-05		   5.48290123E-02	   9.02941713E-05
  -8	  -4		   5.49283793E-02	   8.83847052E-05		   5.49263424E-02	   8.83818057E-05
  -7	  -4		   5.51271321E-02	   8.90443299E-05		   5.51251013E-02	   8.90414510E-05
  -6	  -4		   5.54246726E-02	   9.08474665E-05		   5.54225974E-02	   9.08430917E-05
  -5	  -4		   5.58330918E-02	   9.19596400E-05		   5.58310131E-02	   9.19566043E-05
  -4	  -4		   5.63481318E-02	   8.79195524E-05		   5.63459904E-02	   8.79161166E-05
  -3	  -4		   5.69302840E-02	   9.01557783E-05		   5.69281491E-02	   9.01493882E-05
  -2	  -4		   5.76171843E-02	   8.85268874E-05		   5.76145920E-02	   8.85241618E-05
  -1	  -4		   5.80260771E-02	   8.71383252E-05		   5.80237402E-02	   8.71294753E-05
   0	  -4		   5.83060647E-02	   8.91757427E-05		   5.83038902E-02	   8.91728163E-05
   1	  -4		   5.80366413E-02	   9.06362764E-05		   5.80343177E-02	   9.06352564E-05
   2	  -4		   5.76227690E-02	   8.78838132E-05		   5.76201874E-02	   8.78777426E-05
   3	  -4		   5.69354592E-02	   8.99350572E-05		   5.69333419E-02	   8.99340197E-05
   4	  -4		   5.63638025E-02	   9.03276279E-05		   5.63616313E-02	   9.03290900E-05
   5	  -4		   5.58268601E-02	   9.10684607E-05		   5.58247697E-02	   9.10654340E-05
   6	  -4		   5.54300114E-02	   8.95498728E-05		   5.54279439E-02	   8.95448127E-05
   7	  -4		   5.51479656E-02	   9.01112636E-05		   5.51459247E-02	   9.01070614E-05
   8	  -4		   5.49427567E-02	   9.02839018E-05		   5.49406948E-02	   9.02766878E-05
   9	  -4		   5.48274368E-02	   9.18506266E-05		   5.48254089E-02	   9.18444632E-05
  10	  -4		   5.47795739E-02	   9.06146917E-05		   5.47775269E-02	   9.06086196E-05
  -9	  -3		   5.49234663E-02	   8.99601515E-05		   5.49214100E-02	   8.99527731E-05
  -8	  -3		   5.50616941E-02	   8.98574691E-05		   5.50596368E-02	   8.98515594E-05
  -7	  -3		   5.53059071E-02	   8.90600409E-05		   5.53038669E-02	   8.90573042E-05
  -6	  -3		   5.56773113E-02	   8.97478444E-05		   5.56752413E-02	   8.97433646E-05
  -5	  -3		   5.62236659E-02	   8.76452972E-05		   5.62215399E-02	   8.76417432E-05
  -4	  -3		   5.69278279E-02	   8.87273398E-05		   5.69256915E-02	   8.87208285E-05
  -3	  -3		   5.79851611E-02	   9.10055004E-05		   5.79819840E-02	   9.09995875E-05
  -2	  -3		   5.89957772E-02	   9.02358580E-05		   5.89930346E-02	   9.02325528E-05
  -1	  -3		   6.03085307E-02	   8.98735294E-05		   6.03021277E-02	   8.98698523E-05
   0	  -3		   6.05268506E-02	   9.00732845E-05		   6.05215631E-02	   9.00693985E-05
   1	  -3		   6.03096781E-02	   9.15378745E-05		   6.03033112E-02	   9.15303918E-05
   2	  -3		   5.89960418E-02	   8.94814631E-05		   5.89933197E-02	   8.94724421E-05
   3	  -3		   5.79808421E-02	   8.90708895E-05		   5.79776423E-02	   8.90726418E-05
   4	  -3		   5.69347826E-02	   8.97280477E-05		   5.69326833E-02	   8.97236979E-05
   5	  -3		   5.62224820E-02	   9.27321843E-05		   5.62203602E-02	   9.27294057E-05
   6	  -3		   5.56850655E-02	   9.16415849E-05		   5.56829805E-02	   9.16392344E-05
   7	  -3		   5.53125466E-02	   9.02305936E-05		   5.53104942E-02	   9.02255874E-05
   8	  -3		   5.50668735E-02	   9.06419196E-05		   5.50648238E-02	   9.06331356E-05
   9	  -3		   5.49163602E-02	   8.95108406E-05		   5.49143148E-02	   8.95074247E-05
  10	  -3		   5.48644314E-02	   9.01007808E-05		   5.48623824E-02	   9.01005629E-05
  -9	  -2		   5.49973379E-02	   8.81327923E-05		   5.49952733E-02	   8.81289537E-05
  -8	  -2		   5.51586650E-02	   8.82068875E-05		   5.51566229E-02	   8.81994708E-05
  -7	  -2		   5.54473474E-02	   8.72339795E-05		   5.54452699E-02	   8.72338598E-05
  -6	  -2		   5.59063460E-02	   8.81336743E-05		   5.59042464E-02	   8.81316050E-05
  -5	  -2		   5.65646524E-02	   8.82082255E-05		   5.65625446E-02	   8.82046749E-05
  -4	  -2		   5.76022655E-02	   9.04257300E-05		   5.75997006E-02	   9.04213261E-05
  -3	  -2		   5.89859437E-02	   9.10242832E-05		   5.89831971E-02	   9.10219863E-05
  -2	  -2		   6.15726623E-02	   9.08425716E-05		   6.15549708E-02	   9.08228935E-05
  -1	  -2		   6.40854729E-02	   9.05416513E-05		   6.40363944E-02	   9.05240311E-05
   0	  -2		   6.60483298E-02	   9.05322622E-05		   6.60220854E-02	   9.05275460E-05
   1	  -2		   6.40816754E-02	   9.11385718E-05		   6.40328644E-02	   9.11245787E-05
   2	  -2		   6.15607360E-02	   9.00944746E-05		   6.15431030E-02	   9.00939109E-05
   3	  -2		   5.89917629E-02	   8.99665895E-05		   5.89890210E-02	   8.99639889E-05
   4	  -2		   5.76195503E-02	   9.08257292E-05		   5.76169675E-02	   9.08237025E-05
   5	  -2		   5.65696851E-02	   9.01745637E-05		   5.65675793E-02	   9.01690532E-05
   6	  -2		   5.59097561E-02	   9.09473628E-05		   5.59076489E-02	   9.09361019E-05
   7	  -2		   5.54499255E-02	   9.32347771E-05		   5.54478180E-02	   9.32298680E-05
   8	  -2		   5.51598704E-02	   9.05377863E-05		   5.51578256E-02	   9.05351631E-05
   9	  -2		   5.49947354E-02	   8.89270876E-05		   5.49926693E-02	   8.89237733E-05
  10	  -2		   5.49461961E-02	   8.96850642E-05		   5.49441386E-02	   8.96842564E-05
  -9	  -1		   5.50474442E-02	   8.94632420E-05		   5.50453891E-02	   8.94611056E-05
  -8	  -1		   5.52196409E-02	   9.01639077E-05		   5.52176007E-02	   9.01624840E-05
  -7	  -1		   5.55336831E-02	   8.77247299E-05		   5.55316263E-02	   8.77233236E-05
  -6	  -1		   5.60621108E-02	   9.03174973E-05		   5.60600186E-02	   9.03134052E-05
  -5	  -1		   5.68633650E-02	   9.04235426E-05		   5.68612152E-02	   9.04241857E-05
  -4	  -1		   5.80329191E-02	   9.16820072E-05		   5.80305769E-02	   9.16787831E-05
  -3	  -1		   6.02999496E-02	   9.23392002E-05		   6.02935170E-02	   9.23432980E-05
  -2	  -1		   6.40848617E-02	   9.14286744E-05		   6.40359474E-02	   9.14158218E-05
  -1	  -1		   7.16190081E-02	   9.12968301E-05		   7.13718264E-02	   9.13217308E-05
   0	  -1		   9.75343896E-02	   9.59893239E-05		   9.10389325E-02	   9.60403594E-05
   1	  -1		   7.16211393E-02	   9.21887962E-05		   7.13742520E-02	   9.21750614E-05
   2	  -1		   6.40914281E-02	   9.22328980E-05		   6.40423339E-02	   9.22518957E-05
   3	  -1		   6.03026109E-02	   9.13260893E-05		   6.02962264E-02	   9.13196647E-05
   4	  -1		   5.80259321E-02	   9.05194032E-05		   5.80235799E-02	   9.05182560E-05
   5	  -1		   5.68508106E-02	   8.95638382E-05		   5.68486674E-02	   8.95599176E-05
   6	  -1		   5.60514790E-02	   9.03399096E-05		   5.60494058E-02	   9.03334864E-05
   7	  -1		   5.55422799E-02	   9.32984597E-05		   5.55402140E-02	   9.32959265E-05
   8	  -1		   5.52241338E-02	   9.17235902E-05		   5.52220842E-02	   9.17222806E-05
   9	  -1		   5.50491167E-02	   8.96534203E-05		   5.50470669E-02	   8.96496039E-05
  10	  -1		   5.49929124E-02	   8.87416235E-05		   5.49908609E-02	   8.87344687E-05
  -9	   0		   5.50556494E-02	   8.79623400E-05		   5.50535970E-02	   8.79585450E-05
  -8	   0		   5.52398780E-02	   8.82245376E-05		   5.52378236E-02	   8.82241627E-05
  -7	   0		   5.55695306E-02	   8.80201920E-05		   5.55674590E-02	   8.80160044E-05
  -6	   0		   5.61204391E-02	   9.07224468E-05		   5.61183624E-02	   9.07165188E-05
  -5	   0		   5.69192947E-02	   8.83674486E-05		   5.69171696E-02	   8.83647186E-05
  -4	   0		   5.82976170E-02	   8.79526284E-05		   5.82954226E-02	   8.79489597E-05
  -3	   0		   6.05266292E-02	   9.18937766E-05		   6.05213402E-02	   9.18939500E-05
  -2	   0		   6.60542599E-02	   9.23048080E-05		   6.60278694E-02	   9.22962877E-05
  -1	   0		   9.75434971E-02	   9.57916680E-05		   9.10454820E-02	   9.62867878E-05
   0	   0		   2.23685156E-01	   1.07831214E-04		   9.08677258E-02	   1.07817880E-04
   1	   0		   9.75434971E-02	   9.57916680E-05		   9.10454820E-02	   9.62867878E-05
   2	   0		   6.60542599E-02	   9.23048080E-05		   6.60278694E-02	   9.22962877E-05
   3	   0		   6.05266292E-02	   9.18937766E-05		   6.05213402E-02	   9.18939500E-05
   4	   0		   5.82976170E-02	   8.79526284E-05		   5.82954226E-02	   8.79489597E-05
   5	   0		   5.69192947E-02	   8.83674486E-05		   5.69171696E-02	   8.83647186E-05
   6	   0		   5.61204391E-02	   9.07224468E-05		   5.61183624E-02	   9.07165188E-05
   7	   0		   5.55695306E-02	   8.80201920E-05		   5.55674590E-02	   8.80160044E-05
   8	   0		   5.52398780E-02	   8.82245376E-05		   5.52378236E-02	   8.82241627E-05
   9	   0		   5.50556494E-02	   8.79623400E-05		   5.50535970E-02	   8.79585450E-05
  10	   0		   5.49920505E-02	   8.81679109E-05		   5.49899742E-02	   8.81617872E-05
  -9	   1		   5.50491167E-02	   8.96534203E-05		   5.50470669E-02	   8.96496039E-05
  -8	   1		   5.52241338E-02	   9.17235902E-05		   5.52220842E-02	   9.17222806E-05
  -7	   1		   5.55422799E-02	   9.32984597E-05		   5.55402140E-02	   9.32959265E-05
  -6	   1		   5.60514790E-02	   9.03399096E-05		   5.60494058E-02	   9.03334864E-05
  -5	   1		   5.68508106E-02	   8.95638382E-05		   5.68486674E-02	   8.95599176E-05
  -4	   1		   5.80259321E-02	   9.05194032E-05		   5.80235799E-02	   9.05182560E-05
  -3	   1		   6.03026109E-02	   9.13260893E-05		   6.02962264E-02	   9.13196647E-05
  -2	   1		   6.40914281E-02	   9.22328980E-05		   6.40423339E-02	   9.22518957E-05
  -1	   1		   7.16211393E-02	   9.21887962E-05		   7.13742520E-02	   9.21750614E-05
   0	   1		   9.75343896E-02	   9.59893239E-05		   9.10389325E-02	   9.60403594E-05
   1	   1		   7.16190081E-02	   9.12968301E-05		   7.13718264E-02	   9.13217308E-05
   2	   1		   6.40848617E-02	   9.14286744E-05		   6.40359474E-02	   9.14158218E-05
   3	   1		   6.02999496E-02	   9.23392002E-05		   6.02935170E-02	   9.23432980E-05
   4	   1		   5.80329191E-02	   9.16820072E-05		   5.80305769E-02	   9.16787831E-05
   5	   1		   5.68633650E-02	   9.04235426E-05		   5.68612152E-02	   9.04241857E-05
   6	   1		   5.60621108E-02	   9.03174973E-05		   5.60600186E-02	   9.03134052E-05
   7	   1		   5.55336831E-02	   8.77247299E-05		   5.55316263E-02	   8.77233236E-05
   8	   1		   5.52196409E-02	   9.01639077E-05		   5.52176007E-02	   9.01624840E-05
   9	   1		   5.50474442E-02	   8.94632420E-05		   5.50453891E-02	   8.94611056E-05
  10	   1		   5.49929124E-02	   8.87416235E-05		   5.49908609E-02	   8.87344687E-05
  -9	   2		   5.49947354E-02	   8.89270876E-05		   5.49926693E-02	   8.89237733E-05
  -8	   2		   5.51598704E-02	   9.05377863E-05		   5.51578256E-02	   9.05351631E-05
  -7	   2		   5.54499255E-02	   9.32347771E-05		   5.54478180E-02	   9.32298680E-05
  -6	   2		   5.59097561E-02	   9.09473628E-05		   5.59076489E-02	   9.09361019E-05
  -5	   2		   5.65696851E-02	   9.01745637E-05		   5.65675793E-02	   9.01690532E-05
  -4	   2		   5.76195503E-02	   9.08257292E-05		   5.76169675E-02	   9.08237025E-05
  -3	   2		   5.89917629E-02	   8.99665895E-05		   5.89890210E-02	   8.99639889E-05
  -2	   2		   6.15607360E-02	   9.00944746E-05		   6.15431030E-02	   9.00939109E-05
  -1	   2		   6.40816754E-02	   9.11385718E-05		   6.40328644E-02	   9.11245787E-05
   0	   2		   6.60483298E-02	   9.05322622E-05		   6.60220854E-02	   9.05275460E-05
   1	   2		   6.40854729E-02	   9.05416513E-05		   6.40363944E-02	   9.05240311E-05
   2	   2		   6.15726623E-02	   9.08425716E-05		   6.15549708E-02	   9.08228935E-05
   3	   2		   5.89859437E-02	   9.10242832E-05		   5.89831971E-02	   9.10219863E-05
   4	   2		   5.76022655E-02	   9.04257300E-05		   5.75997006E-02	   9.04213261E-05
   5	   2		   5.65646524E-02	   8.82082255E-05		   5.65625446E-02	   8.82046749E-05
   6	   2		   5.59063460E-02	   8.81336743E-05		   5.59042464E-02	   8.81316050E-05
   7	   2		   5.54473474E-02	   8.72339795E-05		   5.54452699E-02	   8.72338598E-05
   8	   2		   5.51586650E-02	   8.82068875E-05		   5.51566229E-02	   8.81994708E-05
   9	   2		   5.49973379E-02	   8.81327923E-05		   5.49952733E-02	   8.81289537E-05
  10	   2		   5.49461961E-02	   8.96850642E-05		   5.49441386E-02	   8.96842564E-05
  -9	   3		   5.49163602E-02	   8.95108406E-05		   5.49143148E-02	   8.95074247E-05
  -8	   3		   5.50668735E-02	   9.06419196E-05		   5.50648238E-02	   9.06331356E-05
  -7	   3		   5.53125466E-02	   9.02305936E-05		   5.53104942E-02	   9.02255874E-05
  -6	   3		   5.56850655E-02	   9.16415849E-05		   5.56829805E-02	   9.16392344E-05
  -5	   3		   5.62224820E-02	   9.27321843E-05		   5.62203602E-02	   9.27294057E-05
  -4	   3		   5.69347826E-02	   8.97280477E-05		   5.69326833E-02	   8.97236979E-05
  -3	   3		   5.79808421E-02	   8.90708895E-05		   5.79776423E-02	   8.90726418E-05
  -2	   3		   5.89960418E-02	   8.94814631E-05		   5.89933197E-02	   8.94724421E-05
  -1	   3		   6.03096781E-02	   9.15378745E-05		   6.03033112E-02	   9.15303918E-05
   0	   3		   6.05268506E-02	   9.00732845E-05		   6.05215631E-02	   9.00693985E-05
   1	   3		   6.03085307E-02	   8.98735294E-05		   6.03021277E-02	   8.98698523E-05
   2	   3		   5.89957772E-02	   9.02358580E-05		   5.89930346E-02	   9.02325528E-05
   3	   3		   5.79851611E-02	   9.10055004E-05		   5.79819840E-02	   9.09995875E-05
   4	   3		   5.69278279E-02	   8.87273398E-05		   5.69256915E-02	   8.87208285E-05
   5	   3		   5.62236659E-02	   8.76452972E-05		   5.62215399E-02	   8.76417432E-05
   6	   3		   5.56773113E-02	   8.97478444E-05		   5.56752413E-02	   8.97433646E-05
   7	   3		   5.53059071E-02	   8.90600409E-05		   5.53038669E-02	   8.90573042E-05
   8	   3		   5.50616941E-02	   8.98574691E-05		   5.50596368E-02	   8.98515594E-05
   9	   3		   5.49234663E-02	   8.99601515E-05		   5.49214100E-02	   8.99527731E-05
  10	   3		   5.48644314E-02	   9.01007808E-05		   5.48623824E-02	   9.01005629E-05
  -9	   4		   5.48274368E-02	   9.18506266E-05		   5.48254089E-02	   9.18444632E-05
  -8	   4		   5.49427567E-02	   9.02839018E-05		   5.49406948E-02	   9.02766878E-05
  -7	   4		   5.51479656E-02	   9.01112636E-05		   5.51459247E-02	   9.01070614E-05
  -6	   4		   5.54300114E-02	   8.95498728E-05		   5.54279439E-02	   8.95448127E-05
  -5	   4		   5.58268601E-02	   9.10684607E-05		   5.58247697E-02	   9.10654340E-05
  -4	   4		   5.63638025E-02	   9.03276279E-05		   5.63616313E-02	   9.03290900E-05
  -3	   4		   5.69354592E-02	   8.99350572E-05		   5.69333419E-02	   8.99340197E-05
  -2	   4		   5.76227690E-02	   8.78838132E-05		   5.76201874E-02	   8.78777426E-05
  -1	   4		   5.80366413E-02	   9.06362764E-05		   5.80343177E-02	   9.06352564E-05
   0	   4		   5.83060647E-02	   8.91757427E-05		   5.83038902E-02	   8.91728163E-05
   1	   4		   5.80260771E-02	   8.71383252E-05		   5.80237402E-02	   8.71294753E-05
   2	   4		   5.76171843E-02	   8.85268874E-05		   5.76145920E-02	   8.85241618E-05
   3	   4		   5.69302840E-02	   9.01557783E-05		   5.69281491E-02	   9.01493882E-05
   4	   4		   5.63481318E-02	   8.79195524E-05		   5.63459904E-02	   8.79161166E-05
   5	   4		   5.58330918E-02	   9.19596400E-05		   5.58310131E-02	   9.19566043E-05
   6	   4		   5.54246726E-02	   9.08474665E-05		   5.54225974E-02	   9.08430917E-05
   7	   4		   5.51271321E-02	   8.90443299E-05		   5.51251013E-02	   8.90414510E-05
   8	   4		   5.49283793E-02	   8.83847052E-05		   5.49263424E-02	   8.83818057E-05
   9	   4		   5.48310665E-02	   9.02933642E-05		   5.48290123E-02	   9.02941713E-05
  10	   4		   5.47795739E-02	   9.06146917E-05		   5.47775269E-02	   9.06086196E-05
  -9	   5		   5.47343052E-02	   9.05508740E-05		   5.47322698E-02	   9.05527848E-05
  -8	   5		   5.48338226E-02	   8.91574349E-05		   5.48317812E-02	   8.91575191E-05
  -7	   5		   5.49861221E-02	   9.03411897E-05		   5.49840750E-02	   9.03352836E-05
  -6	   5		   5.52019684E-02	   8.89782302E-05		   5.51998953E-02	   8.89792130E-05
  -5	   5		   5.54889685E-02	   9.04596327E-05		   5.54869044E-02	   9.04580006E-05
  -4	   5		   5.58364294E-02	   9.01488657E-05		   5.58343802E-02	   9.01455912E-05
  -3	   5		   5.62320197E-02	   8.90617696E-05		   5.62298921E-02	   8.90639588E-05
  -2	   5		   5.65804410E-02	   8.76626474E-05		   5.65783380E-02	   8.76592117E-05
  -1	   5		   5.68540889E-02	   8.83543869E-05		   5.68519477E-02	   8.83483460E-05
   0	   5		   5.69139340E-02	   8.88426832E-05		   5.69118002E-02	   8.88406494E-05
   1	   5		   5.68553292E-02	   9.03659338E-05		   5.68532125E-02	   9.03585944E-05
   2	   5		   5.65649285E-02	   8.89968960E-05		   5.65627957E-02	   8.89947401E-05
   3	   5		   5.62093134E-02	   8.89788236E-05		   5.62071653E-02	   8.89770463E-05
   4	   5		   5.58264511E-02	   8.74462061E-05		   5.58243757E-02	   8.74452276E-05
   5	   5		   5.54862369E-02	   8.81878302E-05		   5.54841422E-02	   8.81874395E-05
   6	   5		   5.52056338E-02	   8.93049638E-05		   5.52035584E-02	   8.93034020E-05
   7	   5		   5.49761450E-02	   9.00127442E-05		   5.49740683E-02	   9.00153274E-05
   8	   5		   5.48044723E-02	   8.89501219E-05		   5.48024219E-02	   8.89458243E-05
   9	   5		   5.47229553E-02	   9.00706928E-05		   5.47209056E-02	   9.00704230E-05
  10	   5		   5.46948911E-02	   9.07376715E-05		   5.46928478E-02	   9.07354282E-05
  -9	   6		   5.46325477E-02	   9.03556054E-05		   5.46305128E-02	   9.03500597E-05
  -8	   6		   5.47142580E-02	   8.95794774E-05		   5.47122095E-02	   8.95747762E-05
  -7	   6		   5.48281937E-02	   8.95138177E-05		   5.48261602E-02	   8.95116197E-05
  -6	   6		   5.49962940E-02	   8.96546335E-05		   5.49942237E-02	   8.96554863E-05
  -5	   6		   5.52057295E-02	   8.98468717E-05		   5.52036584E-02	   8.98455205E-05
  -4	   6		   5.54421859E-02	   8.97624325E-05		   5.54401035E-02	   8.97558553E-05
  -3	   6		   5.57015783E-02	   8.77187970E-05		   5.56994919E-02	   8.77115650E-05
  -2	   6		   5.59151467E-02	   8.75849972E-05		   5.59130430E-02	   8.75875717E-05
  -1	   6		   5.60509285E-02	   8.84942950E-05		   5.60487977E-02	   8.84895036E-05
   0	   6		   5.61090743E-02	   8.91345680E-05		   5.61070000E-02	   8.91317829E-05
   1	   6		   5.60534703E-02	   8.89208327E-05		   5.60513839E-02	   8.89166713E-05
   2	   6		   5.59040819E-02	   8.69949926E-05		   5.59020316E-02	   8.69922184E-05
   3	   6		   5.56769323E-02	   8.80801439E-05		   5.56748702E-02	   8.80777751E-05
   4	   6		   5.54418324E-02	   8.88413601E-05		   5.54397696E-02	   8.88380695E-05
   5	   6		   5.52091153E-02	   8.78364129E-05		   5.52070520E-02	   8.78339567E-05
   6	   6		   5.49951142E-02	   8.87090334E-05		   5.49930594E-02	   8.87075794E-05
   7	   6		   5.48323105E-02	   8.84192025E-05		   5.48302585E-02	   8.84134122E-05
   8	   6		   5.46999848E-02	   9.13017897E-05		   5.46979545E-02	   9.12991021E-05
   9	   6		   5.46392541E-02	   9.21527382E-05		   5.46372146E-02	   9.21564278E-05
  10	   6		   5.46141319E-02	   9.05750382E-05		   5.46120925E-02	   9.05719462E-05
  -9	   7		   5.45429426E-02	   8.97267105E-05		   5.45408991E-02	   8.97247077E-05
  -8	   7		   5.46080944E-02	   8.94434794E-05		   5.46060330E-02	   8.94423376E-05
  -7	   7		   5.47000163E-02	   9.12366958E-05		   5.46979969E-02	   9.12326365E-05
  -6	   7		   5.48309222E-02	   9.17459313E-05		   5.48288729E-02	   9.17401096E-05
  -5	   7		   5.49807710E-02	   8.99111299E-05		   5.49786951E-02	   8.99116920E-05
  -4	   7		   5.51549192E-02	   8.71386790E-05		   5.51528432E-02	   8.71307394E-05
  -3	   7		   5.53246977E-02	   8.57216535E-05		   5.53226396E-02	   8.57166130E-05
  -2	   7		   5.54615118E-02	   8.65588731E-05		   5.54594185E-02	   8.65553165E-05
  -1	   7		   5.55567809E-02	   8.88838847E-05		   5.55547024E-02	   8.88870100E-05
   0	   7		   5.55804405E-02	   8.81674978E-05		   5.55783824E-02	   8.81635791E-05
   1	   7		   5.55462741E-02	   8.57696892E-05		   5.55442015E-02	   8.57701978E-05
   2	   7		   5.54543575E-02	   8.76213510E-05		   5.54522822E-02	   8.76168090E-05
   3	   7		   5.53117659E-02	   8.79323850E-05		   5.53097174E-02	   8.79275072E-05
   4	   7		   5.51469892E-02	   8.73160565E-05		   5.51449472E-02	   8.73136878E-05
   5	   7		   5.49858193E-02	   8.84839102E-05		   5.49837704E-02	   8.84819511E-05
   6	   7		   5.48216303E-02	   8.86639446E-05		   5.48196114E-02	   8.86658674E-05
   7	   7		   5.46995951E-02	   8.64362773E-05		   5.46975423E-02	   8.64384917E-05
   8	   7		   5.45966228E-02	   8.82215909E-05		   5.45945802E-02	   8.82198113E-05
   9	   7		   5.45402083E-02	   8.95703941E-05		   5.45381787E-02	   8.95647989E-05
  10	   7		   5.45194760E-02	   9.06042160E-05		   5.45174425E-02	   9.06044741E-05
  -9	   8		   5.44802265E-02	   9.10696896E-05		   5.44782004E-02	   9.10650893E-05
  -8	   8		   5.45238547E-02	   8.97200781E-05		   5.45218211E-02	   8.97181437E-05
  -7	   8		   5.46105853E-02	   9.14046552E-05		   5.46085330E-02	   9.13996182E-05
  -6	   8		   5.47085688E-02	   8.87786787E-05		   5.47065201E-02	   8.87713223E-05
  -5	   8		   5.48258570E-02	   8.64025339E-05		   5.48238076E-02	   8.63975102E-05
  -4	   8		   5.49593730E-02	   8.82203238E-05		   5.49573513E-02	   8.82152516E-05
  -3	   8		   5.50728900E-02	   8.82904890E-05		   5.50708133E-02	   8.82840778E-05
  -2	   8		   5.51739192E-02	   8.69710786E-05		   5.51718709E-02	   8.69708523E-05
  -1	   8		   5.52434798E-02	   8.72876164E-05		   5.52414078E-02	   8.72844648E-05
   0	   8		   5.52484087E-02	   8.54329824E-05		   5.52463551E-02	   8.54306576E-05
   1	   8		   5.52244671E-02	   8.36070834E-05		   5.52224115E-02	   8.36051654E-05
   2	   8		   5.51557376E-02	   8.45806111E-05		   5.51536796E-02	   8.45795129E-05
   3	   8		   5.50563742E-02	   8.74723596E-05		   5.50543046E-02	   8.74661445E-05
   4	   8		   5.49409026E-02	   8.78283442E-05		   5.49388484E-02	   8.78218203E-05
   5	   8		   5.48129283E-02	   8.91901822E-05		   5.48108978E-02	   8.91859734E-05
   6	   8		   5.46958783E-02	   9.02273968E-05		   5.46938374E-02	   9.02234888E-05
   7	   8		   5.45998774E-02	   8.85186426E-05		   5.45978445E-02	   8.85137544E-05
   8	   8		   5.45227109E-02	   8.77620393E-05		   5.45206756E-02	   8.77580795E-05
   9	   8		   5.44740911E-02	   8.91591757E-05		   5.44720562E-02	   8.91578176E-05
  10	   8		   5.44670814E-02	   9.14920608E-05		   5.44650405E-02	   9.14919924E-05
  -9	   9		   5.44291650E-02	   8.99395663E-05		   5.44271389E-02	   8.99348816E-05
  -8	   9		   5.44773890E-02	   9.14882500E-05		   5.44753756E-02	   9.14877720E-05
  -7	   9		   5.45472632E-02	   9.03317131E-05		   5.45452145E-02	   9.03316751E-05
  -6	   9		   5.46261737E-02	   8.91232620E-05		   5.46241334E-02	   8.91220956E-05
  -5	   9		   5.47260942E-02	   8.73535041E-05		   5.47240533E-02	   8.73538995E-05
  -4	   9		   5.48347264E-02	   8.72321049E-05		   5.48327008E-02	   8.72285114E-05
  -3	   9		   5.49284679E-02	   8.70639749E-05		   5.49264131E-02	   8.70657135E-05
  -2	   9		   5.49990859E-02	   8.53095215E-05		   5.49970364E-02	   8.53025359E-05
  -1	   9		   5.50540428E-02	   8.47550955E-05		   5.50519829E-02	   8.47514471E-05
   0	   9		   5.50739413E-02	   8.42707050E-05		   5.50718809E-02	   8.42712556E-05
   1	   9		   5.50580100E-02	   8.53871730E-05		   5.50559395E-02	   8.53843383E-05
   2	   9		   5.49977925E-02	   8.45419226E-05		   5.49957458E-02	   8.45428827E-05
   3	   9		   5.49166055E-02	   8.86787029E-05		   5.49145373E-02	   8.86737656E-05
   4	   9		   5.48310132E-02	   8.91606562E-05		   5.48289575E-02	   8.91564348E-05
   5	   9		   5.47222528E-02	   8.95143242E-05		   5.47202187E-02	   8.95129583E-05
   6	   9		   5.46240238E-02	   8.95159503E-05		   5.46219842E-02	   8.95189299E-05
   7	   9		   5.45463785E-02	   8.93715658E-05		   5.45443477E-02	   8.93663601E-05
   8	   9		   5.44769332E-02	   8.73312843E-05		   5.44749124E-02	   8.73331816E-05
   9	   9		   5.44282872E-02	   8.82363868E-05		   5.44262447E-02	   8.82327259E-05
  10	   9		   5.44208638E-02	   8.89503206E-05		   5.44188476E-02	   8.89436297E-05
  -9	  10		   5.44104345E-02	   9.04748797E-05		   5.44084153E-02	   9.04709978E-05
  -8	  10		   5.44631265E-02	   8.98478142E-05		   5.44610793E-02	   8.98502064E-05
  -7	  10		   5.45243381E-02	   8.90705272E-05		   5.45223200E-02	   8.90683048E-05
  -6	  10		   5.45988823E-02	   9.01985572E-05		   5.45968326E-02	   9.01934530E-05
  -5	  10		   5.46932537E-02	   8.96697297E-05		   5.46912229E-02	   8.96687569E-05
  -4	  10		   5.47933269E-02	   8.79825112E-05		   5.47912663E-02	   8.79774620E-05
  -3	  10		   5.48898392E-02	   8.69630094E-05		   5.48877805E-02	   8.69599190E-05
  -2	  10		   5.49582095E-02	   8.38174002E-05		   5.49561747E-02	   8.38166639E-05
  -1	  10		   5.49965939E-02	   8.25852890E-05		   5.49945467E-02	   8.25819246E-05
   0	  10		   5.50162940E-02	   8.32795758E-05		   5.50142380E-02	   8.32791670E-05
   1	  10		   5.49965939E-02	   8.25852890E-05		   5.49945467E-02	   8.25819246E-05
   2	  10		   5.49582095E-02	   8.38174002E-05		   5.49561747E-02	   8.38166639E-05
   3	  10		   5.48898392E-02	   8.69630094E-05		   5.48877805E-02	   8.69599190E-05
   4	  10		   5.47933269E-02	   8.79825112E-05		   5.47912663E-02	   8.79774620E-05
   5	  10		   5.46932537E-02	   8.96697297E-05		   5.46912229E-02	   8.96687569E-05
   6	  10		   5.45988823E-02	   9.01985572E-05		   5.45968326E-02	   9.01934530E-05
   7	  10		   5.45243381E-02	   8.90705272E-05		   5.45223200E-02	   8.90683048E-05
   8	  10		   5.44631265E-02	   8.98478142E-05		   5.44610793E-02	   8.98502064E-05
   9	  10		   5.44104345E-02	   9.04748797E-05		   5.44084153E-02	   9.04709978E-05
  10	  10		   5.44012026E-02	   9.22323471E-05		   5.43991542E-02	   9.22347494E-05
