  -9	  -9		   4.50142310E-02	   6.06689625E-05		   4.50131146E-02	   6.06680166E-05
  -8	  -9		   4.50486786E-02	   6.09703703E-05		   4.50475577E-02	   6.09701604E-05
  -7	  -9		   4.51089133E-02	   6.34656345E-05		   4.51077931E-02	   6.34635271E-05
  -6	  -9		   4.51757549E-02	   6.19191986E-05		   4.51746312E-02	   6.19178960E-05
  -5	  -9		   4.52478425E-02	   6.04778450E-05		   4.52467196E-02	   6.04764697E-05
  -4	  -9		   4.53327606E-02	   6.02203413E-05		   4.53316324E-02	   6.02167046E-05
  -3	  -9		   4.54099079E-02	   5.95055620E-05		   4.54087769E-02	   5.95045407E-05
  -2	  -9		   4.54656173E-02	   5.96875477E-05		   4.54644853E-02	   5.96852701E-05
  -1	  -9		   4.55053098E-02	   5.98389725E-05		   4.55041712E-02	   5.98370417E-05
   0	  -9		   4.55195962E-02	   5.93758427E-05		   4.55184652E-02	   5.93745682E-05
   1	  -9		   4.55041036E-02	   5.90455084E-05		   4.55029714E-02	   5.90446383E-05
   2	  -9		   4.54637438E-02	   5.96546048E-05		   4.54626113E-02	   5.96530991E-05
   3	  -9		   4.54052048E-02	   5.97590845E-05		   4.54040737E-02	   5.97568611E-05
   4	  -9		   4.53326620E-02	   6.10596851E-05		   4.53315318E-02	   6.10564933E-05
   5	  -9		   4.52566882E-02	   6.15734533E-05		   4.52555538E-02	   6.15707987E-05
   6	  -9		   4.51789848E-02	   6.12153447E-05		   4.51778614E-02	   6.12138782E-05
   7	  -9		   4.51057788E-02	   6.04493255E-05		   4.51046416E-02	   6.04482038E-05
   8	  -9		   4.50462224E-02	   5.90902444E-05		   4.50451202E-02	   5.90868832E-05
   9	  -9		   4.50167560E-02	   5.92032141E-05		   4.50156391E-02	   5.92009004E-05
  10	  -9		   4.50022983E-02	   5.83046244E-05		   4.50011757E-02	   5.83013596E-05
  -9	  -8		   4.50494516E-02	   5.94217783E-05		   4.50483391E-02	   5.94192076E-05
  -8	  -8		   4.50894567E-02	   6.12717661E-05		   4.50883425E-02	   6.12698468E-05
  -7	  -8		   4.51587957E-02	   6.28384864E-05		   4.51576706E-02	   6.28328329E-05
  -6	  -8		   4.52378575E-02	   6.07390858E-05		   4.52367293E-02	   6.07370728E-05
  -5	  -8		   4.53308054E-02	   5.95787201E-05		   4.53296757E-02	   5.95766466E-05
  -4	  -8		   4.54254544E-02	   5.88809950E-05		   4.54243184E-02	   5.88800451E-05
  -3	  -8		   4.55250632E-02	   6.00794223E-05		   4.55239335E-02	   6.00774343E-05
  -2	  -8		   4.55984582E-02	   5.92405027E-05		   4.55973169E-02	   5.92382298E-05
  -1	  -8		   4.56491522E-02	   5.83250485E-05		   4.56480164E-02	   5.83244840E-05
   0	  -8		   4.56668467E-02	   5.75689613E-05		   4.56657169E-02	   5.75688006E-05
   1	  -8		   4.56496886E-02	   5.86612242E-05		   4.56485479E-02	   5.86603534E-05
   2	  -8		   4.55954607E-02	   5.92388631E-05		   4.55943310E-02	   5.92355043E-05
   3	  -8		   4.55211704E-02	   5.92360012E-05		   4.55200420E-02	   5.92331380E-05
   4	  -8		   4.54358374E-02	   5.96125357E-05		   4.54347124E-02	   5.96099224E-05
   5	  -8		   4.53385331E-02	   5.91900131E-05		   4.53373976E-02	   5.91871770E-05
   6	  -8		   4.52373930E-02	   5.91120614E-05		   4.52362719E-02	   5.91113205E-05
   7	  -8		   4.51474654E-02	   5.93277081E-05		   4.51463367E-02	   5.93248430E-05
   8	  -8		   4.50854351E-02	   6.00269912E-05		   4.50843186E-02	   6.00260014E-05
   9	  -8		   4.50475759E-02	   6.03012653E-05		   4.50464562E-02	   6.03025346E-05
  10	  -8		   4.50300693E-02	   5.78515109E-05		   4.50289662E-02	   5.78499561E-05
  -9	  -7		   4.51049564E-02	   6.04156460E-05		   4.51038409E-02	   6.04148713E-05
  -8	  -7		   4.51590724E-02	   6.12310438E-05		   4.51579539E-02	   6.12268835E-05
  -7	  -7		   4.52354298E-02	   6.09274711E-05		   4.52343194E-02	   6.09271134E-05
  -6	  -7		   4.53277319E-02	   5.99069092E-05		   4.53265937E-02	   5.99048258E-05
  -5	  -7		   4.54628245E-02	   5.96525183E-05		   4.54616856E-02	   5.96521674E-05
  -4	  -7		   4.55958344E-02	   5.76165667E-05		   4.55947144E-02	   5.76154923E-05
  -3	  -7		   4.57230437E-02	   5.95384148E-05		   4.57218949E-02	   5.95364876E-05
  -2	  -7		   4.58333874E-02	   5.93477017E-05		   4.58322442E-02	   5.93446331E-05
  -1	  -7		   4.58972241E-02	   5.97479771E-05		   4.58960750E-02	   5.97468840E-05
   0	  -7		   4.59169002E-02	   5.94613678E-05		   4.59157522E-02	   5.94597686E-05
   1	  -7		   4.58987543E-02	   5.91605692E-05		   4.58976042E-02	   5.91614793E-05
   2	  -7		   4.58236647E-02	   5.89064765E-05		   4.58225264E-02	   5.89073776E-05
   3	  -7		   4.57219652E-02	   5.91709511E-05		   4.57208079E-02	   5.91690665E-05
   4	  -7		   4.56032841E-02	   5.95764328E-05		   4.56021439E-02	   5.95759299E-05
   5	  -7		   4.54656252E-02	   5.97540101E-05		   4.54644901E-02	   5.97519925E-05
   6	  -7		   4.53468572E-02	   6.00575291E-05		   4.53457100E-02	   6.00564023E-05
   7	  -7		   4.52367134E-02	   5.96368247E-05		   4.52355871E-02	   5.96352231E-05
   8	  -7		   4.51581767E-02	   6.04580732E-05		   4.51570416E-02	   6.04574664E-05
   9	  -7		   4.51051019E-02	   6.04399314E-05		   4.51039765E-02	   6.04399770E-05
  10	  -7		   4.50843375E-02	   5.93515134E-05		   4.50832248E-02	   5.93513607E-05
  -9	  -6		   4.51742558E-02	   6.01762864E-05		   4.51731342E-02	   6.01742404E-05
  -8	  -6		   4.52423762E-02	   6.03255827E-05		   4.52412420E-02	   6.03215431E-05
  -7	  -6		   4.53372472E-02	   5.91813568E-05		   4.53361109E-02	   5.91792152E-05
  -6	  -6		   4.54724308E-02	   5.90675300E-05		   4.54712862E-02	   5.90640456E-05
  -5	  -6		   4.56533555E-02	   5.90228604E-05		   4.56521847E-02	   5.90213346E-05
  -4	  -6		   4.58414111E-02	   5.75706300E-05		   4.58402126E-02	   5.75706137E-05
  -3	  -6		   4.60250001E-02	   5.86203960E-05		   4.60238499E-02	   5.86198090E-05
  -2	  -6		   4.61894073E-02	   5.87325531E-05		   4.61882201E-02	   5.87311655E-05
  -1	  -6		   4.62920342E-02	   5.93510040E-05		   4.62908627E-02	   5.93494184E-05
   0	  -6		   4.63341094E-02	   5.94055551E-05		   4.63329432E-02	   5.94030730E-05
   1	  -6		   4.62901867E-02	   5.88823522E-05		   4.62890217E-02	   5.88816938E-05
   2	  -6		   4.61853313E-02	   5.96857141E-05		   4.61841555E-02	   5.96837602E-05
   3	  -6		   4.60344369E-02	   6.05666046E-05		   4.60332923E-02	   6.05646130E-05
   4	  -6		   4.58389124E-02	   6.07670360E-05		   4.58376946E-02	   6.07662425E-05
   5	  -6		   4.56473999E-02	   6.05696202E-05		   4.56462359E-02	   6.05686873E-05
   6	  -6		   4.54747840E-02	   5.77787787E-05		   4.54736389E-02	   5.77762493E-05
   7	  -6		   4.53338263E-02	   5.86928789E-05		   4.53326702E-02	   5.86906991E-05
   8	  -6		   4.52366435E-02	   6.07994885E-05		   4.52355127E-02	   6.07992862E-05
   9	  -6		   4.51755305E-02	   5.93144365E-05		   4.51744040E-02	   5.93127828E-05
  10	  -6		   4.51500045E-02	   5.78676078E-05		   4.51488862E-02	   5.78665179E-05
  -9	  -5		   4.52501231E-02	   5.96315252E-05		   4.52489869E-02	   5.96275531E-05
  -8	  -5		   4.53292974E-02	   5.88252414E-05		   4.53281746E-02	   5.88232925E-05
  -7	  -5		   4.54567287E-02	   5.86371055E-05		   4.54555952E-02	   5.86332006E-05
  -6	  -5		   4.56527167E-02	   5.85524559E-05		   4.56515428E-02	   5.85510284E-05
  -5	  -5		   4.58958766E-02	   5.76085611E-05		   4.58945934E-02	   5.76055373E-05
  -4	  -5		   4.61708140E-02	   5.75391768E-05		   4.61696208E-02	   5.75369400E-05
  -3	  -5		   4.64888154E-02	   5.79718207E-05		   4.64871163E-02	   5.79674679E-05
  -2	  -5		   4.67167790E-02	   5.89172832E-05		   4.67155447E-02	   5.89146012E-05
  -1	  -5		   4.69171207E-02	   5.89175694E-05		   4.69159432E-02	   5.89173916E-05
   0	  -5		   4.69520334E-02	   5.92971782E-05		   4.69508614E-02	   5.92953669E-05
   1	  -5		   4.69235281E-02	   5.98122604E-05		   4.69223640E-02	   5.98114106E-05
   2	  -5		   4.67145920E-02	   6.01101100E-05		   4.67133491E-02	   6.01081768E-05
   3	  -5		   4.64866345E-02	   5.98596927E-05		   4.64848991E-02	   5.98597707E-05
   4	  -5		   4.61759416E-02	   6.05171053E-05		   4.61747419E-02	   6.05163321E-05
   5	  -5		   4.58938277E-02	   6.01020331E-05		   4.58925417E-02	   6.01004949E-05
   6	  -5		   4.56474833E-02	   5.71920326E-05		   4.56463156E-02	   5.71901927E-05
   7	  -5		   4.54585467E-02	   5.72306284E-05		   4.54573989E-02	   5.72285039E-05
   8	  -5		   4.53290116E-02	   5.84482080E-05		   4.53278787E-02	   5.84467836E-05
   9	  -5		   4.52500075E-02	   5.89503680E-05		   4.52488753E-02	   5.89477395E-05
  10	  -5		   4.52268433E-02	   5.85938737E-05		   4.52257188E-02	   5.85923074E-05
  -9	  -4		   4.53317986E-02	   5.93119789E-05		   4.53306678E-02	   5.93123136E-05
  -8	  -4		   4.54263194E-02	   5.74294676E-05		   4.54251805E-02	   5.74286682E-05
  -7	  -4		   4.55992550E-02	   5.87245716E-05		   4.55981148E-02	   5.87236341E-05
  -6	  -4		   4.58440091E-02	   5.96268823E-05		   4.58428058E-02	   5.96242838E-05
  -5	  -4		   4.61744262E-02	   5.85966585E-05		   4.61732368E-02	   5.85942088E-05
  -4	  -4		   4.66199001E-02	   5.88328327E-05		   4.66174738E-02	   5.88286107E-05
  -3	  -4		   4.70586318E-02	   5.80849695E-05		   4.70574482E-02	   5.80817865E-05
  -2	  -4		   4.76051027E-02	   5.90699211E-05		   4.76008020E-02	   5.90623211E-05
  -1	  -4		   4.78402298E-02	   6.05040617E-05		   4.78377931E-02	   6.05023322E-05
   0	  -4		   4.80369166E-02	   5.93257303E-05		   4.80350015E-02	   5.93256431E-05
   1	  -4		   4.78492585E-02	   5.89180005E-05		   4.78468320E-02	   5.89135870E-05
   2	  -4		   4.76173915E-02	   5.95043772E-05		   4.76131129E-02	   5.95014819E-05
   3	  -4		   4.70650776E-02	   5.86418607E-05		   4.70638990E-02	   5.86411190E-05
   4	  -4		   4.66264548E-02	   6.00725426E-05		   4.66240356E-02	   6.00735918E-05
   5	  -4		   4.61738787E-02	   5.91465034E-05		   4.61726793E-02	   5.91448753E-05
   6	  -4		   4.58386889E-02	   5.86467675E-05		   4.58374635E-02	   5.86441988E-05
   7	  -4		   4.55885306E-02	   5.79122301E-05		   4.55873907E-02	   5.79095874E-05
   8	  -4		   4.54201592E-02	   5.81549218E-05		   4.54190338E-02	   5.81539376E-05
   9	  -4		   4.53308520E-02	   6.02288939E-05		   4.53297256E-02	   6.02274286E-05
  10	  -4		   4.53029126E-02	   6.03614284E-05		   4.53017830E-02	   6.03615704E-05
  -9	  -3		   4.54139025E-02	   5.99568716E-05		   4.54127776E-02	   5.99560239E-05
  -8	  -3		   4.55252870E-02	   5.90683022E-05		   4.55241703E-02	   5.90650358E-05
  -7	  -3		   4.57200336E-02	   5.84721741E-05		   4.57188980E-02	   5.84694504E-05
  -6	  -3		   4.60233531E-02	   5.80842209E-05		   4.60222241E-02	   5.80819072E-05
  -5	  -3		   4.64841254E-02	   5.80291344E-05		   4.64824126E-02	   5.80296821E-05
  -4	  -3		   4.70562544E-02	   5.81762259E-05		   4.70550715E-02	   5.81757053E-05
  -3	  -3		   4.80198081E-02	   5.90418318E-05		   4.80090307E-02	   5.90464432E-05
  -2	  -3		   4.87248903E-02	   5.94277428E-05		   4.87193406E-02	   5.94174288E-05
  -1	  -3		   4.96995100E-02	   6.06361058E-05		   4.96856951E-02	   6.06414169E-05
   0	  -3		   4.97160191E-02	   5.90215211E-05		   4.97086465E-02	   5.90180826E-05
   1	  -3		   4.96978996E-02	   5.89660629E-05		   4.96840383E-02	   5.89590564E-05
   2	  -3		   4.87288153E-02	   5.98698607E-05		   4.87232795E-02	   5.98748708E-05
   3	  -3		   4.80260524E-02	   5.76795412E-05		   4.80152022E-02	   5.76846140E-05
   4	  -3		   4.70606210E-02	   5.84998360E-05		   4.70594442E-02	   5.84973482E-05
   5	  -3		   4.64905430E-02	   5.85087587E-05		   4.64888144E-02	   5.85048884E-05
   6	  -3		   4.60276973E-02	   5.83576204E-05		   4.60265654E-02	   5.83576338E-05
   7	  -3		   4.57124253E-02	   5.79365344E-05		   4.57112836E-02	   5.79350519E-05
   8	  -3		   4.55119862E-02	   5.95224684E-05		   4.55108466E-02	   5.95238641E-05
   9	  -3		   4.54099931E-02	   6.10161212E-05		   4.54088714E-02	   6.10176414E-05
  10	  -3		   4.53804242E-02	   6.09014741E-05		   4.53793074E-02	   6.08999377E-05
  -9	  -2		   4.54727567E-02	   6.03164328E-05		   4.54716371E-02	   6.03148467E-05
  -8	  -2		   4.55997906E-02	   6.01793599E-05		   4.55986527E-02	   6.01768192E-05
  -7	  -2		   4.58258407E-02	   5.94533105E-05		   4.58246901E-02	   5.94511863E-05
  -6	  -2		   4.61893055E-02	   5.88599165E-05		   4.61881280E-02	   5.88585807E-05
  -5	  -2		   4.67199711E-02	   5.88512006E-05		   4.67187257E-02	   5.88507981E-05
  -4	  -2		   4.76046916E-02	   5.76781425E-05		   4.76003905E-02	   5.76814455E-05
  -3	  -2		   4.87254729E-02	   5.80215662E-05		   4.87199183E-02	   5.80256369E-05
  -2	  -2		   5.10782287E-02	   5.81292532E-05		   5.10089658E-02	   5.81189797E-05
  -1	  -2		   5.30606943E-02	   5.80388349E-05		   5.29074780E-02	   5.80374945E-05
   0	  -2		   5.39598477E-02	   5.89169299E-05		   5.39358755E-02	   5.89036685E-05
   1	  -2		   5.30664914E-02	   5.80303488E-05		   5.29132803E-02	   5.80357591E-05
   2	  -2		   5.10757404E-02	   5.87450824E-05		   5.10063599E-02	   5.87785756E-05
   3	  -2		   4.87326987E-02	   5.85297384E-05		   4.87271739E-02	   5.85324130E-05
   4	  -2		   4.76096881E-02	   6.00877016E-05		   4.76054216E-02	   6.00853407E-05
   5	  -2		   4.67166735E-02	   5.89080693E-05		   4.67154434E-02	   5.89059323E-05
   6	  -2		   4.61842758E-02	   5.72918204E-05		   4.61830989E-02	   5.72903988E-05
   7	  -2		   4.58195413E-02	   5.78035823E-05		   4.58183943E-02	   5.78054607E-05
   8	  -2		   4.55817724E-02	   5.93203387E-05		   4.55806335E-02	   5.93186865E-05
   9	  -2		   4.54631339E-02	   6.07966753E-05		   4.54620023E-02	   6.07932504E-05
  10	  -2		   4.54335263E-02	   6.10626703E-05		   4.54323887E-02	   6.10640928E-05
  -9	  -1		   4.55035070E-02	   5.98923539E-05		   4.55023700E-02	   5.98910159E-05
  -8	  -1		   4.56419551E-02	   6.00401652E-05		   4.56408256E-02	   6.00382210E-05
  -7	  -1		   4.58973280E-02	   5.91491083E-05		   4.58961907E-02	   5.91450822E-05
  -6	  -1		   4.62855221E-02	   5.83691254E-05		   4.62843674E-02	   5.83629620E-05
  -5	  -1		   4.69227982E-02	   5.92420897E-05		   4.69216236E-02	   5.92406956E-05
  -4	  -1		   4.78438335E-02	   5.73534923E-05		   4.78413838E-02	   5.73532893E-05
  -3	  -1		   4.97015491E-02	   5.70722061E-05		   4.96877494E-02	   5.70728042E-05
  -2	  -1		   5.30632110E-02	   5.69832063E-05		   5.29099149E-02	   5.70098345E-05
  -1	  -1		   5.91430962E-02	   5.83473827E-05		   5.86271417E-02	   5.84189394E-05
   0	  -1		   8.38482872E-02	   6.40896833E-05		   7.44195415E-02	   6.39346672E-05
   1	  -1		   5.91471918E-02	   5.85246460E-05		   5.86298689E-02	   5.85104389E-05
   2	  -1		   5.30608611E-02	   5.88178509E-05		   5.29079163E-02	   5.88337797E-05
   3	  -1		   4.97047512E-02	   5.78819651E-05		   4.96909285E-02	   5.78792883E-05
   4	  -1		   4.78444957E-02	   5.87518303E-05		   4.78420661E-02	   5.87496641E-05
   5	  -1		   4.69236390E-02	   5.96703875E-05		   4.69224627E-02	   5.96674796E-05
   6	  -1		   4.62877825E-02	   5.91809683E-05		   4.62866023E-02	   5.91811228E-05
   7	  -1		   4.58894771E-02	   5.87603296E-05		   4.58883414E-02	   5.87597000E-05
   8	  -1		   4.56375704E-02	   5.95802335E-05		   4.56364366E-02	   5.95807223E-05
   9	  -1		   4.54936337E-02	   6.09957656E-05		   4.54924932E-02	   6.09953964E-05
  10	  -1		   4.54614973E-02	   6.06725796E-05		   4.54603690E-02	   6.06707145E-05
  -9	   0		   4.55073178E-02	   6.05632871E-05		   4.55061776E-02	   6.05618461E-05
  -8	   0		   4.56568997E-02	   5.93706374E-05		   4.56557734E-02	   5.93684385E-05
  -7	   0		   4.59178278E-02	   5.83413934E-05		   4.59166798E-02	   5.83396852E-05
  -6	   0		   4.63323486E-02	   5.90072627E-05		   4.63311712E-02	   5.90041570E-05
  -5	   0		   4.69579440E-02	   5.98084875E-05		   4.69567606E-02	   5.98091638E-05
  -4	   0		   4.80479466E-02	   5.76139937E-05		   4.80460078E-02	   5.76155226E-05
  -3	   0		   4.97314182E-02	   5.72006426E-05		   4.97240128E-02	   5.72014297E-05
  -2	   0		   5.39603094E-02	   5.74991434E-05		   5.39364328E-02	   5.74870193E-05
  -1	   0		   8.38505380E-02	   6.00846526E-05		   7.44185599E-02	   6.06252418E-05
   0	   0		   2.10157857E-01	   7.00380721E-05		   7.73421066E-02	   7.00307176E-05
   1	   0		   8.38505380E-02	   6.00846526E-05		   7.44185599E-02	   6.06252418E-05
   2	   0		   5.39603094E-02	   5.74991434E-05		   5.39364328E-02	   5.74870193E-05
   3	   0		   4.97314182E-02	   5.72006426E-05		   4.97240128E-02	   5.72014297E-05
   4	   0		   4.80479466E-02	   5.76139937E-05		   4.80460078E-02	   5.76155226E-05
   5	   0		   4.69579440E-02	   5.98084875E-05		   4.69567606E-02	   5.98091638E-05
   6	   0		   4.63323486E-02	   5.90072627E-05		   4.63311712E-02	   5.90041570E-05
   7	   0		   4.59178278E-02	   5.83413934E-05		   4.59166798E-02	   5.83396852E-05
   8	   0		   4.56568997E-02	   5.93706374E-05		   4.56557734E-02	   5.93684385E-05
   9	   0		   4.55073178E-02	   6.05632871E-05		   4.55061776E-02	   6.05618461E-05
  10	   0		   4.54658170E-02	   6.09175246E-05		   4.54646838E-02	   6.09154243E-05
  -9	   1		   4.54936337E-02	   6.09957656E-05		   4.54924932E-02	   6.09953964E-05
  -8	   1		   4.56375704E-02	   5.95802335E-05		   4.56364366E-02	   5.95807223E-05
  -7	   1		   4.58894771E-02	   5.87603296E-05		   4.58883414E-02	   5.87597000E-05
  -6	   1		   4.62877825E-02	   5.91809683E-05		   4.62866023E-02	   5.91811228E-05
  -5	   1		   4.69236390E-02	   5.96703875E-05		   4.69224627E-02	   5.96674796E-05
  -4	   1		   4.78444957E-02	   5.87518303E-05		   4.78420661E-02	   5.87496641E-05
  -3	   1		   4.97047512E-02	   5.78819651E-05		   4.96909285E-02	   5.78792883E-05
  -2	   1		   5.30608611E-02	   5.88178509E-05		   5.29079163E-02	   5.88337797E-05
  -1	   1		   5.91471918E-02	   5.85246460E-05		   5.86298689E-02	   5.85104389E-05
   0	   1		   8.38482872E-02	   6.40896833E-05		   7.44195415E-02	   6.39346672E-05
   1	   1		   5.91430962E-02	   5.83473827E-05		   5.86271417E-02	   5.84189394E-05
   2	   1		   5.30632110E-02	   5.69832063E-05		   5.29099149E-02	   5.70098345E-05
   3	   1		   4.97015491E-02	   5.70722061E-05		   4.96877494E-02	   5.70728042E-05
   4	   1		   4.78438335E-02	   5.73534923E-05		   4.78413838E-02	   5.73532893E-05
   5	   1		   4.69227982E-02	   5.92420897E-05		   4.69216236E-02	   5.92406956E-05
   6	   1		   4.62855221E-02	   5.83691254E-05		   4.62843674E-02	   5.83629620E-05
   7	   1		   4.58973280E-02	   5.91491083E-05		   4.58961907E-02	   5.91450822E-05
   8	   1		   4.56419551E-02	   6.00401652E-05		   4.56408256E-02	   6.00382210E-05
   9	   1		   4.55035070E-02	   5.98923539E-05		   4.55023700E-02	   5.98910159E-05
  10	   1		   4.54614973E-02	   6.06725796E-05		   4.54603690E-02	   6.06707145E-05
  -9	   2		   4.54631339E-02	   6.07966753E-05		   4.54620023E-02	   6.07932504E-05
  -8	   2		   4.55817724E-02	   5.93203387E-05		   4.55806335E-02	   5.93186865E-05
  -7	   2		   4.58195413E-02	   5.78035823E-05		   4.58183943E-02	   5.78054607E-05
  -6	   2		   4.61842758E-02	   5.72918204E-05		   4.61830989E-02	   5.72903988E-05
  -5	   2		   4.67166735E-02	   5.89080693E-05		   4.67154434E-02	   5.89059323E-05
  -4	   2		   4.76096881E-02	   6.00877016E-05		   4.76054216E-02	   6.00853407E-05
  -3	   2		   4.87326987E-02	   5.85297384E-05		   4.87271739E-02	   5.85324130E-05
  -2	   2		   5.10757404E-02	   5.87450824E-05		   5.10063599E-02	   5.87785756E-05
  -1	   2		   5.30664914E-02	   5.80303488E-05		   5.29132803E-02	   5.80357591E-05
   0	   2		   5.39598477E-02	   5.89169299E-05		   5.39358755E-02	   5.89036685E-05
   1	   2		   5.30606943E-02	   5.80388349E-05		   5.29074780E-02	   5.80374945E-05
   2	   2		   5.10782287E-02	   5.81292532E-05		   5.10089658E-02	   5.81189797E-05
   3	   2		   4.87254729E-02	   5.80215662E-05		   4.87199183E-02	   5.80256369E-05
   4	   2		   4.76046916E-02	   5.76781425E-05		   4.76003905E-02	   5.76814455E-05
   5	   2		   4.67199711E-02	   5.88512006E-05		   4.67187257E-02	   5.88507981E-05
   6	   2		   4.61893055E-02	   5.88599165E-05		   4.61881280E-02	   5.88585807E-05
   7	   2		   4.58258407E-02	   5.94533105E-05		   4.58246901E-02	   5.94511863E-05
   8	   2		   4.55997906E-02	   6.01793599E-05		   4.55986527E-02	   6.01768192E-05
   9	   2		   4.54727567E-02	   6.03164328E-05		   4.54716371E-02	   6.03148467E-05
  10	   2		   4.54335263E-02	   6.10626703E-05		   4.54323887E-02	   6.10640928E-05
  -9	   3		   4.54099931E-02	   6.10161212E-05		   4.54088714E-02	   6.10176414E-05
  -8	   3		   4.55119862E-02	   5.95224684E-05		   4.55108466E-02	   5.95238641E-05
  -7	   3		   4.57124253E-02	   5.79365344E-05		   4.57112836E-02	   5.79350519E-05
  -6	   3		   4.60276973E-02	   5.83576204E-05		   4.60265654E-02	   5.83576338E-05
  -5	   3		   4.64905430E-02	   5.85087587E-05		   4.64888144E-02	   5.85048884E-05
  -4	   3		   4.70606210E-02	   5.84998360E-05		   4.70594442E-02	   5.84973482E-05
  -3	   3		   4.80260524E-02	   5.76795412E-05		   4.80152022E-02	   5.76846140E-05
  -2	   3		   4.87288153E-02	   5.98698607E-05		   4.87232795E-02	   5.98748708E-05
  -1	   3		   4.96978996E-02	   5.89660629E-05		   4.96840383E-02	   5.89590564E-05
   0	   3		   4.97160191E-02	   5.90215211E-05		   4.97086465E-02	   5.90180826E-05
   1	   3		   4.96995100E-02	   6.06361058E-05		   4.96856951E-02	   6.06414169E-05
   2	   3		   4.87248903E-02	   5.94277428E-05		   4.87193406E-02	   5.94174288E-05
   3	   3		   4.80198081E-02	   5.90418318E-05		   4.80090307E-02	   5.90464432E-05
   4	   3		   4.70562544E-02	   5.81762259E-05		   4.70550715E-02	   5.81757053E-05
   5	   3		   4.64841254E-02	   5.80291344E-05		   4.64824126E-02	   5.80296821E-05
   6	   3		   4.60233531E-02	   5.80842209E-05		   4.60222241E-02	   5.80819072E-05
   7	   3		   4.57200336E-02	   5.84721741E-05		   4.57188980E-02	   5.84694504E-05
   8	   3		   4.55252870E-02	   5.90683022E-05		   4.55241703E-02	   5.90650358E-05
   9	   3		   4.54139025E-02	   5.99568716E-05		   4.54127776E-02	   5.99560239E-05
  10	   3		   4.53804242E-02	   6.09014741E-05		   4.53793074E-02	   6.08999377E-05
  -9	   4		   4.53308520E-02	   6.02288939E-05		   4.53297256E-02	   6.02274286E-05
  -8	   4		   4.54201592E-02	   5.81549218E-05		   4.54190338E-02	   5.81539376E-05
  -7	   4		   4.55885306E-02	   5.79122301E-05		   4.55873907E-02	   5.79095874E-05
  -6	   4		   4.58386889E-02	   5.86467675E-05		   4.58374635E-02	   5.86441988E-05
  -5	   4		   4.61738787E-02	   5.91465034E-05		   4.61726793E-02	   5.91448753E-05
  -4	   4		   4.66264548E-02	   6.00725426E-05		   4.66240356E-02	   6.00735918E-05
  -3	   4		   4.70650776E-02	   5.86418607E-05		   4.70638990E-02	   5.86411190E-05
  -2	   4		   4.76173915E-02	   5.95043772E-05		   4.76131129E-02	   5.95014819E-05
  -1	   4		   4.78492585E-02	   5.89180005E-05		   4.78468320E-02	   5.89135870E-05
   0	   4		   4.80369166E-02	   5.93257303E-05		   4.80350015E-02	   5.93256431E-05
   1	   4		   4.78402298E-02	   6.05040617E-05		   4.78377931E-02	   6.05023322E-05
   2	   4		   4.76051027E-02	   5.90699211E-05		   4.76008020E-02	   5.90623211E-05
   3	   4		   4.70586318E-02	   5.80849695E-05		   4.70574482E-02	   5.80817865E-05
   4	   4		   4.66199001E-02	   5.88328327E-05		   4.66174738E-02	   5.88286107E-05
   5	   4		   4.61744262E-02	   5.85966585E-05		   4.61732368E-02	   5.85942088E-05
   6	   4		   4.58440091E-02	   5.96268823E-05		   4.58428058E-02	   5.96242838E-05
   7	   4		   4.55992550E-02	   5.87245716E-05		   4.55981148E-02	   5.87236341E-05
   8	   4		   4.54263194E-02	   5.74294676E-05		   4.54251805E-02	   5.74286682E-05
   9	   4		   4.53317986E-02	   5.93119789E-05		   4.53306678E-02	   5.93123136E-05
  10	   4		   4.53029126E-02	   6.03614284E-05		   4.53017830E-02	   6.03615704E-05
  -9	   5		   4.52500075E-02	   5.89503680E-05		   4.52488753E-02	   5.89477395E-05
  -8	   5		   4.53290116E-02	   5.84482080E-05		   4.53278787E-02	   5.84467836E-05
  -7	   5		   4.54585467E-02	   5.72306284E-05		   4.54573989E-02	   5.72285039E-05
  -6	   5		   4.56474833E-02	   5.71920326E-05		   4.56463156E-02	   5.71901927E-05
  -5	   5		   4.58938277E-02	   6.01020331E-05		   4.58925417E-02	   6.01004949E-05
  -4	   5		   4.61759416E-02	   6.05171053E-05		   4.61747419E-02	   6.05163321E-05
  -3	   5		   4.64866345E-02	   5.98596927E-05		   4.64848991E-02	   5.98597707E-05
  -2	   5		   4.67145920E-02	   6.01101100E-05		   4.67133491E-02	   6.01081768E-05
  -1	   5		   4.69235281E-02	   5.98122604E-05		   4.69223640E-02	   5.98114106E-05
   0	   5		   4.69520334E-02	   5.92971782E-05		   4.69508614E-02	   5.92953669E-05
   1	   5		   4.69171207E-02	   5.89175694E-05		   4.69159432E-02	   5.89173916E-05
   2	   5		   4.67167790E-02	   5.89172832E-05		   4.67155447E-02	   5.89146012E-05
   3	   5		   4.64888154E-02	   5.79718207E-05		   4.64871163E-02	   5.79674679E-05
   4	   5		   4.61708140E-02	   5.75391768E-05		   4.61696208E-02	   5.75369400E-05
   5	   5		   4.58958766E-02	   5.76085611E-05		   4.58945934E-02	   5.76055373E-05
   6	   5		   4.56527167E-02	   5.85524559E-05		   4.56515428E-02	   5.85510284E-05
   7	   5		   4.54567287E-02	   5.86371055E-05		   4.54555952E-02	   5.86332006E-05
   8	   5		   4.53292974E-02	   5.88252414E-05		   4.53281746E-02	   5.88232925E-05
   9	   5		   4.52501231E-02	   5.96315252E-05		   4.52489869E-02	   5.96275531E-05
  10	   5		   4.52268433E-02	   5.85938737E-05		   4.52257188E-02	   5.85923074E-05
  -9	   6		   4.51755305E-02	   5.93144365E-05		   4.51744040E-02	   5.93127828E-05
  -8	   6		   4.52366435E-02	   6.07994885E-05		   4.52355127E-02	   6.07992862E-05
  -7	   6		   4.53338263E-02	   5.86928789E-05		   4.53326702E-02	   5.86906991E-05
  -6	   6		   4.54747840E-02	   5.77787787E-05		   4.54736389E-02	   5.77762493E-05
  -5	   6		   4.56473999E-02	   6.05696202E-05		   4.56462359E-02	   6.05686873E-05
  -4	   6		   4.58389124E-02	   6.07670360E-05		   4.58376946E-02	   6.07662425E-05
  -3	   6		   4.60344369E-02	   6.05666046E-05		   4.60332923E-02	   6.05646130E-05
  -2	   6		   4.61853313E-02	   5.96857141E-05		   4.61841555E-02	   5.96837602E-05
  -1	   6		   4.62901867E-02	   5.88823522E-05		   4.62890217E-02	   5.88816938E-05
   0	   6		   4.63341094E-02	   5.94055551E-05		   4.63329432E-02	   5.94030730E-05
   1	   6		   4.62920342E-02	   5.93510040E-05		   4.62908627E-02	   5.93494184E-05
   2	   6		   4.61894073E-02	   5.87325531E-05		   4.61882201E-02	   5.87311655E-05
   3	   6		   4.60250001E-02	   5.86203960E-05		   4.60238499E-02	   5.86198090E-05
   4	   6		   4.58414111E-02	   5.75706300E-05		   4.58402126E-02	   5.75706137E-05
   5	   6		   4.56533555E-02	   5.90228604E-05		   4.56521847E-02	   5.90213346E-05
   6	   6		   4.54724308E-02	   5.90675300E-05		   4.54712862E-02	   5.90640456E-05
   7	   6		   4.53372472E-02	   5.91813568E-05		   4.53361109E-02	   5.91792152E-05
   8	   6		   4.52423762E-02	   6.03255827E-05		   4.52412420E-02	   6.03215431E-05
   9	   6		   4.51742558E-02	   6.01762864E-05		   4.51731342E-02	   6.01742404E-05
  10	   6		   4.51500045E-02	   5.78676078E-05		   4.51488862E-02	   5.78665179E-05
  -9	   7		   4.51051019E-02	   6.04399314E-05		   4.51039765E-02	   6.04399770E-05
  -8	   7		   4.51581767E-02	   6.04580732E-05		   4.51570416E-02	   6.04574664E-05
  -7	   7		   4.52367134E-02	   5.96368247E-05		   4.52355871E-02	   5.96352231E-05
  -6	   7		   4.53468572E-02	   6.00575291E-05		   4.53457100E-02	   6.00564023E-05
  -5	   7		   4.54656252E-02	   5.97540101E-05		   4.54644901E-02	   5.97519925E-05
  -4	   7		   4.56032841E-02	   5.95764328E-05		   4.56021439E-02	   5.95759299E-05
  -3	   7		   4.57219652E-02	   5.91709511E-05		   4.57208079E-02	   5.91690665E-05
  -2	   7		   4.58236647E-02	   5.89064765E-05		   4.58225264E-02	   5.89073776E-05
  -1	   7		   4.58987543E-02	   5.91605692E-05		   4.58976042E-02	   5.91614793E-05
   0	   7		   4.59169002E-02	   5.94613678E-05		   4.59157522E-02	   5.94597686E-05
   1	   7		   4.58972241E-02	   5.97479771E-05		   4.58960750E-02	   5.97468840E-05
   2	   7		   4.58333874E-02	   5.93477017E-05		   4.58322442E-02	   5.93446331E-05
   3	   7		   4.57230437E-02	   5.95384148E-05		   4.57218949E-02	   5.95364876E-05
   4	   7		   4.55958344E-02	   5.76165667E-05		   4.55947144E-02	   5.76154923E-05
   5	   7		   4.54628245E-02	   5.96525183E-05		   4.54616856E-02	   5.96521674E-05
   6	   7		   4.53277319E-02	   5.99069092E-05		   4.53265937E-02	   5.99048258E-05
   7	   7		   4.52354298E-02	   6.09274711E-05		   4.52343194E-02	   6.09271134E-05
   8	   7		   4.51590724E-02	   6.12310438E-05		   4.51579539E-02	   6.12268835E-05
   9	   7		   4.51049564E-02	   6.04156460E-05		   4.51038409E-02	   6.04148713E-05
  10	   7		   4.50843375E-02	   5.93515134E-05		   4.50832248E-02	   5.93513607E-05
  -9	   8		   4.50475759E-02	   6.03012653E-05		   4.50464562E-02	   6.03025346E-05
  -8	   8		   4.50854351E-02	   6.00269912E-05		   4.50843186E-02	   6.00260014E-05
  -7	   8		   4.51474654E-02	   5.93277081E-05		   4.51463367E-02	   5.93248430E-05
  -6	   8		   4.52373930E-02	   5.91120614E-05		   4.52362719E-02	   5.91113205E-05
  -5	   8		   4.53385331E-02	   5.91900131E-05		   4.53373976E-02	   5.91871770E-05
  -4	   8		   4.54358374E-02	   5.96125357E-05		   4.54347124E-02	   5.96099224E-05
  -3	   8		   4.55211704E-02	   5.92360012E-05		   4.55200420E-02	   5.92331380E-05
  -2	   8		   4.55954607E-02	   5.92388631E-05		   4.55943310E-02	   5.92355043E-05
  -1	   8		   4.56496886E-02	   5.86612242E-05		   4.56485479E-02	   5.86603534E-05
   0	   8		   4.56668467E-02	   5.75689613E-05		   4.56657169E-02	   5.75688006E-05
   1	   8		   4.56491522E-02	   5.83250485E-05		   4.56480164E-02	   5.83244840E-05
   2	   8		   4.55984582E-02	   5.92405027E-05		   4.55973169E-02	   5.92382298E-05
   3	   8		   4.55250632E-02	   6.00794223E-05		   4.55239335E-02	   6.00774343E-05
   4	   8		   4.54254544E-02	   5.88809950E-05		   4.54243184E-02	   5.88800451E-05
   5	   8		   4.53308054E-02	   5.95787201E-05		   4.53296757E-02	   5.95766466E-05
   6	   8		   4.52378575E-02	   6.07390858E-05		   4.52367293E-02	   6.07370728E-05
   7	   8		   4.51587957E-02	   6.28384864E-05		   4.51576706E-02	   6.28328329E-05
   8	   8		   4.50894567E-02	   6.12717661E-05		   4.50883425E-02	   6.12698468E-05
   9	   8		   4.50494516E-02	   5.94217783E-05		   4.50483391E-02	   5.94192076E-05
  10	   8		   4.50300693E-02	   5.78515109E-05		   4.50289662E-02	   5.78499561E-05
  -9	   9		   4.50167560E-02	   5.92032141E-05		   4.50156391E-02	   5.92009004E-05
  -8	   9		   4.50462224E-02	   5.90902444E-05		   4.50451202E-02	   5.90868832E-05
  -7	   9		   4.51057788E-02	   6.04493255E-05		   4.51046416E-02	   6.04482038E-05
  -6	   9		   4.51789848E-02	   6.12153447E-05		   4.51778614E-02	   6.12138782E-05
  -5	   9		   4.52566882E-02	   6.15734533E-05		   4.52555538E-02	   6.15707987E-05
  -4	   9		   4.53326620E-02	   6.10596851E-05		   4.53315318E-02	   6.10564933E-05
  -3	   9		   4.54052048E-02	   5.97590845E-05		   4.54040737E-02	   5.97568611E-05
  -2	   9		   4.54637438E-02	   5.96546048E-05		   4.54626113E-02	   5.96530991E-05
  -1	   9		   4.55041036E-02	   5.90455084E-05		   4.55029714E-02	   5.90446383E-05
   0	   9		   4.55195962E-02	   5.93758427E-05		   4.55184652E-02	   5.93745682E-05
   1	   9		   4.55053098E-02	   5.98389725E-05		   4.55041712E-02	   5.98370417E-05
   2	   9		   4.54656173E-02	   5.96875477E-05		   4.54644853E-02	   5.96852701E-05
   3	   9		   4.54099079E-02	   5.95055620E-05		   4.54087769E-02	   5.95045407E-05
   4	   9		   4.53327606E-02	   6.02203413E-05		   4.53316324E-02	   6.02167046E-05
   5	   9		   4.52478425E-02	   6.04778450E-05		   4.52467196E-02	   6.04764697E-05
   6	   9		   4.51757549E-02	   6.19191986E-05		   4.51746312E-02	   6.19178960E-05
   7	   9		   4.51089133E-02	   6.34656345E-05		   4.51077931E-02	   6.34635271E-05
   8	   9		   4.50486786E-02	   6.09703703E-05		   4.50475577E-02	   6.09701604E-05
   9	   9		   4.50142310E-02	   6.06689625E-05		   4.50131146E-02	   6.06680166E-05
  10	   9		   4.50022983E-02	   5.83046244E-05		   4.50011757E-02	   5.83013596E-05
  -9	  10		   4.49999950E-02	   6.10307784E-05		   4.49988795E-02	   6.10300962E-05
  -8	  10		   4.50331570E-02	   5.92315536E-05		   4.50320353E-02	   5.92297366E-05
  -7	  10		   4.50932317E-02	   6.01583716E-05		   4.50921274E-02	   6.01562954E-05
  -6	  10		   4.51531193E-02	   6.07237994E-05		   4.51519868E-02	   6.07213876E-05
  -5	  10		   4.52276773E-02	   6.15851920E-05		   4.52265596E-02	   6.15837324E-05
  -4	  10		   4.52986001E-02	   6.04727250E-05		   4.52974656E-02	   6.04723388E-05
  -3	  10		   4.53640694E-02	   5.93518464E-05		   4.53629412E-02	   5.93508895E-05
  -2	  10		   4.54179653E-02	   6.01825060E-05		   4.54168310E-02	   6.01797920E-05
  -1	  10		   4.54602305E-02	   6.00968075E-05		   4.54590983E-02	   6.00941508E-05
   0	  10		   4.54767070E-02	   6.14357942E-05		   4.54755642E-02	   6.14328396E-05
   1	  10		   4.54602305E-02	   6.00968075E-05		   4.54590983E-02	   6.00941508E-05
   2	  10		   4.54179653E-02	   6.01825060E-05		   4.54168310E-02	   6.01797920E-05
   3	  10		   4.53640694E-02	   5.93518464E-05		   4.53629412E-02	   5.93508895E-05
   4	  10		   4.52986001E-02	   6.04727250E-05		   4.52974656E-02	   6.04723388E-05
   5	  10		   4.52276773E-02	   6.15851920E-05		   4.52265596E-02	   6.15837324E-05
   6	  10		   4.51531193E-02	   6.07237994E-05		   4.51519868E-02	   6.07213876E-05
   7	  10		   4.50932317E-02	   6.01583716E-05		   4.50921274E-02	   6.01562954E-05
   8	  10		   4.50331570E-02	   5.92315536E-05		   4.50320353E-02	   5.92297366E-05
   9	  10		   4.49999950E-02	   6.10307784E-05		   4.49988795E-02	   6.10300962E-05
  10	  10		   4.49921862E-02	   6.07373987E-05		   4.49910844E-02	   6.07359663E-05
