 -11	 -11		   2.93794412E-02	   2.53519371E-04		   2.93787103E-02	   2.53511607E-04
 -10	 -11		   2.94023055E-02	   2.45924177E-04		   2.94015679E-02	   2.45918066E-04
  -9	 -11		   2.94319172E-02	   2.50764186E-04		   2.94311891E-02	   2.50758661E-04
  -8	 -11		   2.95233105E-02	   2.60102045E-04		   2.95225776E-02	   2.60094316E-04
  -7	 -11		   2.96070440E-02	   2.69907732E-04		   2.96063026E-02	   2.69901505E-04
  -6	 -11		   2.97063774E-02	   2.71153658E-04		   2.97056429E-02	   2.71145980E-04
  -5	 -11		   2.97428633E-02	   2.65992655E-04		   2.97421269E-02	   2.65986535E-04
  -4	 -11		   2.98652020E-02	   2.84491605E-04		   2.98644531E-02	   2.84483942E-04
  -3	 -11		   2.98915439E-02	   2.78434916E-04		   2.98907898E-02	   2.78429643E-04
  -2	 -11		   2.99719017E-02	   2.73955137E-04		   2.99711452E-02	   2.73948153E-04
  -1	 -11		   2.99613020E-02	   2.77277033E-04		   2.99605524E-02	   2.77271663E-04
   0	 -11		   3.00007007E-02	   2.66258592E-04		   2.99999510E-02	   2.66250817E-04
   1	 -11		   2.99457037E-02	   2.62831440E-04		   2.99449575E-02	   2.62824470E-04
   2	 -11		   2.99737618E-02	   2.77576002E-04		   2.99730084E-02	   2.77569783E-04
   3	 -11		   2.99017666E-02	   2.75840618E-04		   2.99010277E-02	   2.75833874E-04
   4	 -11		   2.98491629E-02	   2.67313288E-04		   2.98484266E-02	   2.67306001E-04
   5	 -11		   2.97503608E-02	   2.73974189E-04		   2.97496232E-02	   2.73968910E-04
   6	 -11		   2.96804016E-02	   2.64735279E-04		   2.96796545E-02	   2.64729198E-04
   7	 -11		   2.96081855E-02	   2.78851356E-04		   2.96074478E-02	   2.78842968E-04
   8	 -11		   2.95541932E-02	   2.67554769E-04		   2.95534567E-02	   2.67547734E-04
   9	 -11		   2.94509920E-02	   2.58676499E-04		   2.94502697E-02	   2.58670865E-04
  10	 -11		   2.94430414E-02	   2.74857623E-04		   2.94423104E-02	   2.74851010E-04
  11	 -11		   2.93675198E-02	   2.48627775E-04		   2.93667909E-02	   2.48622681E-04
  12	 -11		   2.93932377E-02	   2.63302944E-04		   2.93925141E-02	   2.63296065E-04
 -11	 -10		   2.94045806E-02	   2.46505168E-04		   2.94038576E-02	   2.46500116E-04
 -10	 -10		   2.94122123E-02	   2.36681958E-04		   2.94114833E-02	   2.36675355E-04
  -9	 -10		   2.95153509E-02	   2.52942181E-04		   2.95146103E-02	   2.52933986E-04
  -8	 -10		   2.95651413E-02	   2.65482725E-04		   2.95644031E-02	   2.65476339E-04
  -7	 -10		   2.96794440E-02	   2.69597120E-04		   2.96787138E-02	   2.69591328E-04
  -6	 -10		   2.97242041E-02	   2.62869892E-04		   2.97234643E-02	   2.62864875E-04
  -5	 -10		   2.98392843E-02	   2.64769200E-04		   2.98385264E-02	   2.64761311E-04
  -4	 -10		   2.99006551E-02	   2.60751041E-04		   2.98999137E-02	   2.60746092E-04
  -3	 -10		   3.00082591E-02	   2.66646938E-04		   3.00075174E-02	   2.66640593E-04
  -2	 -10		   3.00453476E-02	   2.69837777E-04		   3.00445979E-02	   2.69830607E-04
  -1	 -10		   3.01046959E-02	   2.64846018E-04		   3.01039377E-02	   2.64840114E-04
   0	 -10		   3.01031623E-02	   2.68056367E-04		   3.01024166E-02	   2.68049519E-04
   1	 -10		   3.00984251E-02	   2.52791312E-04		   3.00976795E-02	   2.52785042E-04
   2	 -10		   3.00442451E-02	   2.65589987E-04		   3.00435001E-02	   2.65581962E-04
   3	 -10		   3.00264823E-02	   2.78810814E-04		   3.00257337E-02	   2.78804987E-04
   4	 -10		   2.99092694E-02	   2.70572829E-04		   2.99085386E-02	   2.70565433E-04
   5	 -10		   2.98399436E-02	   2.59135365E-04		   2.98392029E-02	   2.59129961E-04
   6	 -10		   2.97352785E-02	   2.70407381E-04		   2.97345452E-02	   2.70401093E-04
   7	 -10		   2.96737073E-02	   2.75875964E-04		   2.96729676E-02	   2.75871099E-04
   8	 -10		   2.95562182E-02	   2.63631378E-04		   2.95554847E-02	   2.63624979E-04
   9	 -10		   2.94921120E-02	   2.53790055E-04		   2.94913748E-02	   2.53783006E-04
  10	 -10		   2.94519980E-02	   2.64137022E-04		   2.94512700E-02	   2.64130457E-04
  11	 -10		   2.94271604E-02	   2.53336867E-04		   2.94264351E-02	   2.53330043E-04
  12	 -10		   2.94240228E-02	   2.77223399E-04		   2.94232811E-02	   2.77216938E-04
 -11	  -9		   2.94490785E-02	   2.50671501E-04		   2.94483595E-02	   2.50666196E-04
 -10	  -9		   2.95132512E-02	   2.55796511E-04		   2.95125104E-02	   2.55790916E-04
  -9	  -9		   2.95578646E-02	   2.53363985E-04		   2.95571291E-02	   2.53358431E-04
  -8	  -9		   2.96526567E-02	   2.59331375E-04		   2.96519140E-02	   2.59324488E-04
  -7	  -9		   2.97337423E-02	   2.69498086E-04		   2.97330148E-02	   2.69491829E-04
  -6	  -9		   2.98601615E-02	   2.64206164E-04		   2.98594200E-02	   2.64200096E-04
  -5	  -9		   2.99364810E-02	   2.52852301E-04		   2.99357407E-02	   2.52847412E-04
  -4	  -9		   3.00778768E-02	   2.57225184E-04		   3.00771261E-02	   2.57218358E-04
  -3	  -9		   3.01294055E-02	   2.53786338E-04		   3.01286553E-02	   2.53780690E-04
  -2	  -9		   3.02719528E-02	   2.75111909E-04		   3.02711935E-02	   2.75103001E-04
  -1	  -9		   3.03266258E-02	   2.92218440E-04		   3.03258769E-02	   2.92210771E-04
   0	  -9		   3.03418312E-02	   2.79314563E-04		   3.03410743E-02	   2.79307611E-04
   1	  -9		   3.02780140E-02	   2.74281736E-04		   3.02772620E-02	   2.74274624E-04
   2	  -9		   3.02558466E-02	   2.73938840E-04		   3.02550865E-02	   2.73932418E-04
   3	  -9		   3.01164861E-02	   2.49467191E-04		   3.01157315E-02	   2.49460495E-04
   4	  -9		   3.00704064E-02	   2.64822405E-04		   3.00696656E-02	   2.64814608E-04
   5	  -9		   2.99526155E-02	   2.71580464E-04		   2.99518642E-02	   2.71574357E-04
   6	  -9		   2.98393302E-02	   2.64439326E-04		   2.98385748E-02	   2.64431903E-04
   7	  -9		   2.97231432E-02	   2.83073183E-04		   2.97224152E-02	   2.83066513E-04
   8	  -9		   2.96462440E-02	   2.66845014E-04		   2.96455006E-02	   2.66838237E-04
   9	  -9		   2.95713572E-02	   2.83603883E-04		   2.95706296E-02	   2.83595185E-04
  10	  -9		   2.95228082E-02	   2.63330817E-04		   2.95220850E-02	   2.63326120E-04
  11	  -9		   2.94390753E-02	   2.47999019E-04		   2.94383478E-02	   2.47993395E-04
  12	  -9		   2.94806675E-02	   2.71056610E-04		   2.94799340E-02	   2.71050608E-04
 -11	  -8		   2.95271912E-02	   2.61392414E-04		   2.95264605E-02	   2.61385999E-04
 -10	  -8		   2.95585072E-02	   2.69349118E-04		   2.95577655E-02	   2.69343357E-04
  -9	  -8		   2.96607875E-02	   2.67066587E-04		   2.96600441E-02	   2.67056748E-04
  -8	  -8		   2.97433254E-02	   2.76217509E-04		   2.97425851E-02	   2.76209243E-04
  -7	  -8		   2.99042134E-02	   2.92573640E-04		   2.99034658E-02	   2.92565871E-04
  -6	  -8		   2.99992587E-02	   2.78878587E-04		   2.99985084E-02	   2.78871374E-04
  -5	  -8		   3.01403013E-02	   2.46770743E-04		   3.01395400E-02	   2.46764290E-04
  -4	  -8		   3.02444145E-02	   2.49961498E-04		   3.02436618E-02	   2.49955643E-04
  -3	  -8		   3.04475007E-02	   2.70437139E-04		   3.04467479E-02	   2.70432005E-04
  -2	  -8		   3.05300962E-02	   2.82027033E-04		   3.05293426E-02	   2.82019528E-04
  -1	  -8		   3.06591766E-02	   2.82816777E-04		   3.06584077E-02	   2.82809485E-04
   0	  -8		   3.05860442E-02	   2.55421980E-04		   3.05852761E-02	   2.55414503E-04
   1	  -8		   3.06123546E-02	   2.72560763E-04		   3.06115989E-02	   2.72553203E-04
   2	  -8		   3.04988143E-02	   2.83375092E-04		   3.04980556E-02	   2.83367640E-04
   3	  -8		   3.04106124E-02	   2.61078810E-04		   3.04098503E-02	   2.61073055E-04
   4	  -8		   3.02480331E-02	   2.48977779E-04		   3.02472850E-02	   2.48971477E-04
   5	  -8		   3.01741021E-02	   2.76746057E-04		   3.01733359E-02	   2.76737046E-04
   6	  -8		   2.99912726E-02	   2.83477158E-04		   2.99905258E-02	   2.83471531E-04
   7	  -8		   2.99026665E-02	   3.02807246E-04		   2.99019146E-02	   3.02797589E-04
   8	  -8		   2.97374829E-02	   2.85796576E-04		   2.97367425E-02	   2.85786786E-04
   9	  -8		   2.96712984E-02	   2.81169372E-04		   2.96705607E-02	   2.81162554E-04
  10	  -8		   2.95821124E-02	   2.73437035E-04		   2.95813747E-02	   2.73428690E-04
  11	  -8		   2.95595910E-02	   2.78190966E-04		   2.95588590E-02	   2.78183811E-04
  12	  -8		   2.95177019E-02	   2.86886539E-04		   2.95169712E-02	   2.86878229E-04
 -11	  -7		   2.96035702E-02	   2.77763610E-04		   2.96028481E-02	   2.77756594E-04
 -10	  -7		   2.96955351E-02	   2.86210445E-04		   2.96947969E-02	   2.86200306E-04
  -9	  -7		   2.97415028E-02	   2.70699756E-04		   2.97407557E-02	   2.70692677E-04
  -8	  -7		   2.98881612E-02	   2.70413372E-04		   2.98874224E-02	   2.70407039E-04
  -7	  -7		   3.00099801E-02	   2.84683283E-04		   3.00092315E-02	   2.84674767E-04
  -6	  -7		   3.02103453E-02	   2.79116170E-04		   3.02095856E-02	   2.79108054E-04
  -5	  -7		   3.03430257E-02	   2.59025555E-04		   3.03422692E-02	   2.59019001E-04
  -4	  -7		   3.05898885E-02	   2.63709356E-04		   3.05891135E-02	   2.63702962E-04
  -3	  -7		   3.07616477E-02	   2.66429120E-04		   3.07608822E-02	   2.66423747E-04
  -2	  -7		   3.09659517E-02	   2.68879326E-04		   3.09651707E-02	   2.68871904E-04
  -1	  -7		   3.10388149E-02	   2.89889540E-04		   3.10380451E-02	   2.89883007E-04
   0	  -7		   3.11064374E-02	   2.77587852E-04		   3.11056485E-02	   2.77581151E-04
   1	  -7		   3.10232400E-02	   2.87541982E-04		   3.10224692E-02	   2.87534616E-04
   2	  -7		   3.09190375E-02	   2.58434911E-04		   3.09182708E-02	   2.58428841E-04
   3	  -7		   3.07515800E-02	   2.87010805E-04		   3.07508287E-02	   2.87006787E-04
   4	  -7		   3.06352966E-02	   2.96473346E-04		   3.06345229E-02	   2.96467293E-04
   5	  -7		   3.03974032E-02	   3.05212471E-04		   3.03966477E-02	   3.05207468E-04
   6	  -7		   3.02307491E-02	   2.98261986E-04		   3.02299907E-02	   2.98254463E-04
   7	  -7		   3.00064254E-02	   2.78529074E-04		   3.00056779E-02	   2.78520931E-04
   8	  -7		   2.99008711E-02	   2.94356707E-04		   2.99001171E-02	   2.94346742E-04
   9	  -7		   2.97575927E-02	   2.80820035E-04		   2.97568551E-02	   2.80811881E-04
  10	  -7		   2.96756599E-02	   2.73591794E-04		   2.96749062E-02	   2.73585721E-04
  11	  -7		   2.95963628E-02	   2.70434448E-04		   2.95956119E-02	   2.70427148E-04
  12	  -7		   2.95893120E-02	   2.72278158E-04		   2.95885641E-02	   2.72269761E-04
 -11	  -6		   2.97238593E-02	   2.95689955E-04		   2.97231143E-02	   2.95683329E-04
 -10	  -6		   2.97751524E-02	   2.89495563E-04		   2.97744073E-02	   2.89489313E-04
  -9	  -6		   2.99028996E-02	   2.90894415E-04		   2.99021504E-02	   2.90887509E-04
  -8	  -6		   2.99954765E-02	   2.80732392E-04		   2.99947355E-02	   2.80724100E-04
  -7	  -6		   3.02061635E-02	   2.77335525E-04		   3.02054058E-02	   2.77329126E-04
  -6	  -6		   3.04185871E-02	   2.87343758E-04		   3.04178310E-02	   2.87336238E-04
  -5	  -6		   3.07416671E-02	   2.90524116E-04		   3.07408499E-02	   2.90515863E-04
  -4	  -6		   3.09609572E-02	   2.75400601E-04		   3.09601908E-02	   2.75393592E-04
  -3	  -6		   3.12929473E-02	   2.64929981E-04		   3.12921151E-02	   2.64922063E-04
  -2	  -6		   3.14678240E-02	   2.71117526E-04		   3.14670399E-02	   2.71109356E-04
  -1	  -6		   3.17509672E-02	   3.03920469E-04		   3.17501558E-02	   3.03912858E-04
   0	  -6		   3.17065184E-02	   3.01354076E-04		   3.17057329E-02	   3.01345575E-04
   1	  -6		   3.17123158E-02	   2.91696991E-04		   3.17115164E-02	   2.91690707E-04
   2	  -6		   3.14089210E-02	   2.48592070E-04		   3.14081446E-02	   2.48587108E-04
   3	  -6		   3.12836785E-02	   2.76784911E-04		   3.12828264E-02	   2.76777698E-04
   4	  -6		   3.09687749E-02	   3.07093618E-04		   3.09680116E-02	   3.07084736E-04
   5	  -6		   3.07602849E-02	   3.25728535E-04		   3.07594596E-02	   3.25720428E-04
   6	  -6		   3.04483386E-02	   3.16355830E-04		   3.04475877E-02	   3.16346726E-04
   7	  -6		   3.02294769E-02	   2.77027778E-04		   3.02287143E-02	   2.77021646E-04
   8	  -6		   3.00032949E-02	   2.77937726E-04		   3.00025595E-02	   2.77932296E-04
   9	  -6		   2.98687316E-02	   2.71022216E-04		   2.98679800E-02	   2.71015593E-04
  10	  -6		   2.97709511E-02	   3.06858769E-04		   2.97702126E-02	   3.06851762E-04
  11	  -6		   2.97292467E-02	   3.05022900E-04		   2.97284945E-02	   3.05014039E-04
  12	  -6		   2.96746716E-02	   2.88307068E-04		   2.96739421E-02	   2.88298546E-04
 -11	  -5		   2.97688054E-02	   2.96106924E-04		   2.97680663E-02	   2.96100932E-04
 -10	  -5		   2.98670576E-02	   2.79694601E-04		   2.98663162E-02	   2.79687379E-04
  -9	  -5		   2.99798323E-02	   2.96351002E-04		   2.99790945E-02	   2.96344743E-04
  -8	  -5		   3.02178248E-02	   3.09488440E-04		   3.02170597E-02	   3.09480408E-04
  -7	  -5		   3.04152579E-02	   3.20689434E-04		   3.04144930E-02	   3.20680062E-04
  -6	  -5		   3.07494275E-02	   3.00202305E-04		   3.07486177E-02	   3.00195257E-04
  -5	  -5		   3.10755113E-02	   2.91752812E-04		   3.10747314E-02	   2.91746686E-04
  -4	  -5		   3.15580780E-02	   2.80353749E-04		   3.15569171E-02	   2.80346614E-04
  -3	  -5		   3.19087412E-02	   2.81147546E-04		   3.19079452E-02	   2.81142250E-04
  -2	  -5		   3.23895270E-02	   2.81296141E-04		   3.23884564E-02	   2.81286276E-04
  -1	  -5		   3.25264472E-02	   2.88514038E-04		   3.25256412E-02	   2.88509501E-04
   0	  -5		   3.27571808E-02	   2.89511373E-04		   3.27562457E-02	   2.89506770E-04
   1	  -5		   3.25149720E-02	   2.84667163E-04		   3.25141599E-02	   2.84658792E-04
   2	  -5		   3.23669840E-02	   2.84810620E-04		   3.23658903E-02	   2.84804671E-04
   3	  -5		   3.18788455E-02	   2.83175932E-04		   3.18780527E-02	   2.83169015E-04
   4	  -5		   3.15405729E-02	   2.97256843E-04		   3.15394116E-02	   2.97247785E-04
   5	  -5		   3.10600999E-02	   3.09281255E-04		   3.10593292E-02	   3.09272774E-04
   6	  -5		   3.07414319E-02	   2.98688157E-04		   3.07406013E-02	   2.98682092E-04
   7	  -5		   3.03989799E-02	   2.94613731E-04		   3.03982320E-02	   2.94604981E-04
   8	  -5		   3.01849393E-02	   2.82292638E-04		   3.01841790E-02	   2.82286448E-04
   9	  -5		   2.99712538E-02	   2.82540888E-04		   2.99705088E-02	   2.82533214E-04
  10	  -5		   2.99124033E-02	   3.23658328E-04		   2.99116635E-02	   3.23651627E-04
  11	  -5		   2.97866192E-02	   3.09057869E-04		   2.97858798E-02	   3.09048586E-04
  12	  -5		   2.97731116E-02	   2.95450210E-04		   2.97723652E-02	   2.95443505E-04
 -11	  -4		   2.98822462E-02	   2.96217232E-04		   2.98815051E-02	   2.96209975E-04
 -10	  -4		   2.99108413E-02	   2.78049892E-04		   2.99100923E-02	   2.78042634E-04
  -9	  -4		   3.01160771E-02	   3.00574355E-04		   3.01153319E-02	   3.00566206E-04
  -8	  -4		   3.03207050E-02	   3.03808627E-04		   3.03199540E-02	   3.03801908E-04
  -7	  -4		   3.06700741E-02	   3.27705094E-04		   3.06693020E-02	   3.27697933E-04
  -6	  -4		   3.10221163E-02	   3.30956072E-04		   3.10213540E-02	   3.30948223E-04
  -5	  -4		   3.15790270E-02	   3.12666878E-04		   3.15778699E-02	   3.12658704E-04
  -4	  -4		   3.20685290E-02	   2.86561016E-04		   3.20677337E-02	   2.86552799E-04
  -3	  -4		   3.29368864E-02	   2.77890002E-04		   3.29334467E-02	   2.77883853E-04
  -2	  -4		   3.34372289E-02	   3.05451680E-04		   3.34363964E-02	   3.05444725E-04
  -1	  -4		   3.41729926E-02	   3.22163351E-04		   3.41710719E-02	   3.22153257E-04
   0	  -4		   3.40648513E-02	   3.23600854E-04		   3.40640022E-02	   3.23593123E-04
   1	  -4		   3.41250226E-02	   3.06115243E-04		   3.41231078E-02	   3.06110143E-04
   2	  -4		   3.34237388E-02	   3.06789412E-04		   3.34228870E-02	   3.06781400E-04
   3	  -4		   3.29576588E-02	   3.06312097E-04		   3.29542180E-02	   3.06303837E-04
   4	  -4		   3.20823152E-02	   3.00707290E-04		   3.20815107E-02	   3.00700101E-04
   5	  -4		   3.15821389E-02	   3.19509686E-04		   3.15809764E-02	   3.19500428E-04
   6	  -4		   3.09838903E-02	   3.11939169E-04		   3.09831220E-02	   3.11931720E-04
   7	  -4		   3.06626730E-02	   3.13197917E-04		   3.06618978E-02	   3.13192009E-04
   8	  -4		   3.03047139E-02	   2.91441365E-04		   3.03039587E-02	   2.91434504E-04
   9	  -4		   3.00836106E-02	   2.73033297E-04		   3.00828701E-02	   2.73025307E-04
  10	  -4		   2.99506064E-02	   3.04068643E-04		   2.99498716E-02	   3.04059629E-04
  11	  -4		   2.98896551E-02	   3.02760579E-04		   2.98889117E-02	   3.02751095E-04
  12	  -4		   2.98295364E-02	   3.06571232E-04		   2.98287993E-02	   3.06562247E-04
 -11	  -3		   2.99404148E-02	   3.16286434E-04		   2.99396690E-02	   3.16276088E-04
 -10	  -3		   3.00249891E-02	   2.84533080E-04		   3.00242441E-02	   2.84524515E-04
  -9	  -3		   3.01888187E-02	   3.01493795E-04		   3.01880706E-02	   3.01486258E-04
  -8	  -3		   3.04479989E-02	   2.84158843E-04		   3.04472380E-02	   2.84152228E-04
  -7	  -3		   3.08144305E-02	   3.31436764E-04		   3.08136683E-02	   3.31429490E-04
  -6	  -3		   3.13838185E-02	   3.42429998E-04		   3.13829724E-02	   3.42420174E-04
  -5	  -3		   3.19456165E-02	   3.30484515E-04		   3.19448194E-02	   3.30474746E-04
  -4	  -3		   3.29889635E-02	   3.22459263E-04		   3.29854961E-02	   3.22449228E-04
  -3	  -3		   3.38812267E-02	   3.03180851E-04		   3.38803750E-02	   3.03174167E-04
  -2	  -3		   3.57002414E-02	   3.55375649E-04		   3.56772950E-02	   3.55369630E-04
  -1	  -3		   3.61598872E-02	   3.46259213E-04		   3.61589724E-02	   3.46249622E-04
   0	  -3		   3.70499796E-02	   3.78705652E-04		   3.70476612E-02	   3.78696481E-04
   1	  -3		   3.61984012E-02	   3.67349449E-04		   3.61974783E-02	   3.67339654E-04
   2	  -3		   3.56518566E-02	   3.26777438E-04		   3.56289014E-02	   3.26763744E-04
   3	  -3		   3.38963988E-02	   3.24578794E-04		   3.38955460E-02	   3.24572581E-04
   4	  -3		   3.29672197E-02	   3.07433388E-04		   3.29637425E-02	   3.07417585E-04
   5	  -3		   3.19159192E-02	   3.16525350E-04		   3.19151281E-02	   3.16517381E-04
   6	  -3		   3.13156820E-02	   3.06474650E-04		   3.13148410E-02	   3.06466709E-04
   7	  -3		   3.07804338E-02	   3.00089094E-04		   3.07796593E-02	   3.00081127E-04
   8	  -3		   3.04711379E-02	   2.91819767E-04		   3.04703785E-02	   2.91812047E-04
   9	  -3		   3.01542698E-02	   2.82923454E-04		   3.01535130E-02	   2.82917677E-04
  10	  -3		   3.00550829E-02	   3.20619536E-04		   3.00543353E-02	   3.20610791E-04
  11	  -3		   2.99260047E-02	   3.07375918E-04		   2.99252583E-02	   3.07368610E-04
  12	  -3		   2.99221624E-02	   3.03351210E-04		   2.99214107E-02	   3.03342415E-04
 -11	  -2		   3.00149039E-02	   3.18248578E-04		   3.00141566E-02	   3.18240750E-04
 -10	  -2		   3.00571829E-02	   2.85564889E-04		   3.00564455E-02	   2.85559539E-04
  -9	  -2		   3.03010760E-02	   3.05675589E-04		   3.03003215E-02	   3.05666131E-04
  -8	  -2		   3.05677025E-02	   3.21533078E-04		   3.05669537E-02	   3.21523545E-04
  -7	  -2		   3.10938152E-02	   3.90660714E-04		   3.10930278E-02	   3.90652983E-04
  -6	  -2		   3.15625771E-02	   3.50436248E-04		   3.15617905E-02	   3.50429073E-04
  -5	  -2		   3.24614183E-02	   3.40378555E-04		   3.24603193E-02	   3.40371399E-04
  -4	  -2		   3.34623218E-02	   3.27357871E-04		   3.34614883E-02	   3.27351672E-04
  -3	  -2		   3.56413756E-02	   3.18681394E-04		   3.56183953E-02	   3.18685131E-04
  -2	  -2		   3.74674590E-02	   3.82669716E-04		   3.74664911E-02	   3.82656625E-04
  -1	  -2		   4.22801314E-02	   3.45703029E-04		   4.20161536E-02	   3.45644786E-04
   0	  -2		   4.16587765E-02	   4.02300521E-04		   4.16576870E-02	   4.02290078E-04
   1	  -2		   4.23530183E-02	   3.99272089E-04		   4.20888881E-02	   3.99238073E-04
   2	  -2		   3.74420285E-02	   3.46156119E-04		   3.74410718E-02	   3.46148121E-04
   3	  -2		   3.56952215E-02	   3.53013192E-04		   3.56722113E-02	   3.52992085E-04
   4	  -2		   3.34513767E-02	   3.27927529E-04		   3.34505395E-02	   3.27919841E-04
   5	  -2		   3.24468018E-02	   3.42789323E-04		   3.24457163E-02	   3.42780410E-04
   6	  -2		   3.15237880E-02	   3.31532229E-04		   3.15230048E-02	   3.31525856E-04
   7	  -2		   3.10112763E-02	   3.20959320E-04		   3.10105021E-02	   3.20947615E-04
   8	  -2		   3.05597390E-02	   3.16305609E-04		   3.05589782E-02	   3.16298453E-04
   9	  -2		   3.02823370E-02	   2.94339198E-04		   3.02815781E-02	   2.94330594E-04
  10	  -2		   3.00944142E-02	   3.23545388E-04		   3.00936632E-02	   3.23538403E-04
  11	  -2		   3.00172345E-02	   3.20052651E-04		   3.00164787E-02	   3.20045141E-04
  12	  -2		   2.99744046E-02	   3.35003090E-04		   2.99736658E-02	   3.34993376E-04
 -11	  -1		   3.00167673E-02	   3.17619839E-04		   3.00160211E-02	   3.17610623E-04
 -10	  -1		   3.01498954E-02	   3.02695032E-04		   3.01491329E-02	   3.02690423E-04
  -9	  -1		   3.03198049E-02	   3.00937625E-04		   3.03190524E-02	   3.00930928E-04
  -8	  -1		   3.06786181E-02	   3.23449930E-04		   3.06778385E-02	   3.23440889E-04
  -7	  -1		   3.11884252E-02	   4.35197683E-04		   3.11876493E-02	   4.35187467E-04
  -6	  -1		   3.18373213E-02	   3.84678847E-04		   3.18365184E-02	   3.84671940E-04
  -5	  -1		   3.26273462E-02	   3.79020310E-04		   3.26265300E-02	   3.79011598E-04
  -4	  -1		   3.41699170E-02	   3.29222347E-04		   3.41680132E-02	   3.29216270E-04
  -3	  -1		   3.61515812E-02	   3.37751780E-04		   3.61506587E-02	   3.37741444E-04
  -2	  -1		   4.23744238E-02	   4.13634075E-04		   4.21100463E-02	   4.13672787E-04
  -1	  -1		   4.61095833E-02	   3.95859552E-04		   4.61083237E-02	   3.95846108E-04
   0	  -1		   7.92521801E-02	   5.14054103E-04		   6.90008503E-02	   5.13490223E-04
   1	  -1		   4.61173136E-02	   4.03460495E-04		   4.61160443E-02	   4.03452199E-04
   2	  -1		   4.22943521E-02	   3.64445869E-04		   4.20303193E-02	   3.64433338E-04
   3	  -1		   3.61276934E-02	   3.24901008E-04		   3.61267834E-02	   3.24892844E-04
   4	  -1		   3.41583859E-02	   3.34246058E-04		   3.41565103E-02	   3.34241694E-04
   5	  -1		   3.26147343E-02	   3.79689771E-04		   3.26139239E-02	   3.79681943E-04
   6	  -1		   3.17758054E-02	   3.46042925E-04		   3.17750028E-02	   3.46034014E-04
   7	  -1		   3.10954271E-02	   3.59418730E-04		   3.10946505E-02	   3.59410328E-04
   8	  -1		   3.06971897E-02	   3.36231727E-04		   3.06964217E-02	   3.36221842E-04
   9	  -1		   3.03275953E-02	   3.14679760E-04		   3.03268528E-02	   3.14671170E-04
  10	  -1		   3.01893844E-02	   3.39830500E-04		   3.01886323E-02	   3.39821808E-04
  11	  -1		   3.00110015E-02	   3.13961765E-04		   3.00102586E-02	   3.13954627E-04
  12	  -1		   3.00553022E-02	   3.56731499E-04		   3.00545520E-02	   3.56725149E-04
 -11	   0		   3.00492048E-02	   3.13959312E-04		   3.00484609E-02	   3.13952969E-04
 -10	   0		   3.01542084E-02	   3.19616790E-04		   3.01534561E-02	   3.19610125E-04
  -9	   0		   3.03811627E-02	   3.12238371E-04		   3.03804048E-02	   3.12228911E-04
  -8	   0		   3.06566021E-02	   3.23947460E-04		   3.06558378E-02	   3.23938927E-04
  -7	   0		   3.12147489E-02	   3.75907206E-04		   3.12139664E-02	   3.75897752E-04
  -6	   0		   3.17713241E-02	   3.56764743E-04		   3.17705325E-02	   3.56755712E-04
  -5	   0		   3.28921417E-02	   4.20558762E-04		   3.28912127E-02	   4.20548731E-04
  -4	   0		   3.40778184E-02	   3.47217358E-04		   3.40769592E-02	   3.47209980E-04
  -3	   0		   3.69633735E-02	   3.16684713E-04		   3.69610621E-02	   3.16678867E-04
  -2	   0		   4.16293904E-02	   3.77663481E-04		   4.16282938E-02	   3.77655067E-04
  -1	   0		   7.92185773E-02	   4.94041548E-04		   6.89684258E-02	   4.94618952E-04
   0	   0		   2.09488429E-01	   8.46744822E-04		   8.44853986E-02	   8.46712651E-04
   1	   0		   7.92185773E-02	   4.94041548E-04		   6.89684258E-02	   4.94618952E-04
   2	   0		   4.16293904E-02	   3.77663481E-04		   4.16282938E-02	   3.77655067E-04
   3	   0		   3.69633735E-02	   3.16684713E-04		   3.69610621E-02	   3.16678867E-04
   4	   0		   3.40778184E-02	   3.47217358E-04		   3.40769592E-02	   3.47209980E-04
   5	   0		   3.28921417E-02	   4.20558762E-04		   3.28912127E-02	   4.20548731E-04
   6	   0		   3.17713241E-02	   3.56764743E-04		   3.17705325E-02	   3.56755712E-04
   7	   0		   3.12147489E-02	   3.75907206E-04		   3.12139664E-02	   3.75897752E-04
   8	   0		   3.06566021E-02	   3.23947460E-04		   3.06558378E-02	   3.23938927E-04
   9	   0		   3.03811627E-02	   3.12238371E-04		   3.03804048E-02	   3.12228911E-04
  10	   0		   3.01542084E-02	   3.19616790E-04		   3.01534561E-02	   3.19610125E-04
  11	   0		   3.00492048E-02	   3.13959312E-04		   3.00484609E-02	   3.13952969E-04
  12	   0		   3.00532317E-02	   3.59198021E-04		   3.00524853E-02	   3.59189926E-04
 -11	   1		   3.00110015E-02	   3.13961765E-04		   3.00102586E-02	   3.13954627E-04
 -10	   1		   3.01893844E-02	   3.39830500E-04		   3.01886323E-02	   3.39821808E-04
  -9	   1		   3.03275953E-02	   3.14679760E-04		   3.03268528E-02	   3.14671170E-04
  -8	   1		   3.06971897E-02	   3.36231727E-04		   3.06964217E-02	   3.36221842E-04
  -7	   1		   3.10954271E-02	   3.59418730E-04		   3.10946505E-02	   3.59410328E-04
  -6	   1		   3.17758054E-02	   3.46042925E-04		   3.17750028E-02	   3.46034014E-04
  -5	   1		   3.26147343E-02	   3.79689771E-04		   3.26139239E-02	   3.79681943E-04
  -4	   1		   3.41583859E-02	   3.34246058E-04		   3.41565103E-02	   3.34241694E-04
  -3	   1		   3.61276934E-02	   3.24901008E-04		   3.61267834E-02	   3.24892844E-04
  -2	   1		   4.22943521E-02	   3.64445869E-04		   4.20303193E-02	   3.64433338E-04
  -1	   1		   4.61173136E-02	   4.03460495E-04		   4.61160443E-02	   4.03452199E-04
   0	   1		   7.92521801E-02	   5.14054103E-04		   6.90008503E-02	   5.13490223E-04
   1	   1		   4.61095833E-02	   3.95859552E-04		   4.61083237E-02	   3.95846108E-04
   2	   1		   4.23744238E-02	   4.13634075E-04		   4.21100463E-02	   4.13672787E-04
   3	   1		   3.61515812E-02	   3.37751780E-04		   3.61506587E-02	   3.37741444E-04
   4	   1		   3.41699170E-02	   3.29222347E-04		   3.41680132E-02	   3.29216270E-04
   5	   1		   3.26273462E-02	   3.79020310E-04		   3.26265300E-02	   3.79011598E-04
   6	   1		   3.18373213E-02	   3.84678847E-04		   3.18365184E-02	   3.84671940E-04
   7	   1		   3.11884252E-02	   4.35197683E-04		   3.11876493E-02	   4.35187467E-04
   8	   1		   3.06786181E-02	   3.23449930E-04		   3.06778385E-02	   3.23440889E-04
   9	   1		   3.03198049E-02	   3.00937625E-04		   3.03190524E-02	   3.00930928E-04
  10	   1		   3.01498954E-02	   3.02695032E-04		   3.01491329E-02	   3.02690423E-04
  11	   1		   3.00167673E-02	   3.17619839E-04		   3.00160211E-02	   3.17610623E-04
  12	   1		   3.00553022E-02	   3.56731499E-04		   3.00545520E-02	   3.56725149E-04
 -11	   2		   3.00172345E-02	   3.20052651E-04		   3.00164787E-02	   3.20045141E-04
 -10	   2		   3.00944142E-02	   3.23545388E-04		   3.00936632E-02	   3.23538403E-04
  -9	   2		   3.02823370E-02	   2.94339198E-04		   3.02815781E-02	   2.94330594E-04
  -8	   2		   3.05597390E-02	   3.16305609E-04		   3.05589782E-02	   3.16298453E-04
  -7	   2		   3.10112763E-02	   3.20959320E-04		   3.10105021E-02	   3.20947615E-04
  -6	   2		   3.15237880E-02	   3.31532229E-04		   3.15230048E-02	   3.31525856E-04
  -5	   2		   3.24468018E-02	   3.42789323E-04		   3.24457163E-02	   3.42780410E-04
  -4	   2		   3.34513767E-02	   3.27927529E-04		   3.34505395E-02	   3.27919841E-04
  -3	   2		   3.56952215E-02	   3.53013192E-04		   3.56722113E-02	   3.52992085E-04
  -2	   2		   3.74420285E-02	   3.46156119E-04		   3.74410718E-02	   3.46148121E-04
  -1	   2		   4.23530183E-02	   3.99272089E-04		   4.20888881E-02	   3.99238073E-04
   0	   2		   4.16587765E-02	   4.02300521E-04		   4.16576870E-02	   4.02290078E-04
   1	   2		   4.22801314E-02	   3.45703029E-04		   4.20161536E-02	   3.45644786E-04
   2	   2		   3.74674590E-02	   3.82669716E-04		   3.74664911E-02	   3.82656625E-04
   3	   2		   3.56413756E-02	   3.18681394E-04		   3.56183953E-02	   3.18685131E-04
   4	   2		   3.34623218E-02	   3.27357871E-04		   3.34614883E-02	   3.27351672E-04
   5	   2		   3.24614183E-02	   3.40378555E-04		   3.24603193E-02	   3.40371399E-04
   6	   2		   3.15625771E-02	   3.50436248E-04		   3.15617905E-02	   3.50429073E-04
   7	   2		   3.10938152E-02	   3.90660714E-04		   3.10930278E-02	   3.90652983E-04
   8	   2		   3.05677025E-02	   3.21533078E-04		   3.05669537E-02	   3.21523545E-04
   9	   2		   3.03010760E-02	   3.05675589E-04		   3.03003215E-02	   3.05666131E-04
  10	   2		   3.00571829E-02	   2.85564889E-04		   3.00564455E-02	   2.85559539E-04
  11	   2		   3.00149039E-02	   3.18248578E-04		   3.00141566E-02	   3.18240750E-04
  12	   2		   2.99744046E-02	   3.35003090E-04		   2.99736658E-02	   3.34993376E-04
 -11	   3		   2.99260047E-02	   3.07375918E-04		   2.99252583E-02	   3.07368610E-04
 -10	   3		   3.00550829E-02	   3.20619536E-04		   3.00543353E-02	   3.20610791E-04
  -9	   3		   3.01542698E-02	   2.82923454E-04		   3.01535130E-02	   2.82917677E-04
  -8	   3		   3.04711379E-02	   2.91819767E-04		   3.04703785E-02	   2.91812047E-04
  -7	   3		   3.07804338E-02	   3.00089094E-04		   3.07796593E-02	   3.00081127E-04
  -6	   3		   3.13156820E-02	   3.06474650E-04		   3.13148410E-02	   3.06466709E-04
  -5	   3		   3.19159192E-02	   3.16525350E-04		   3.19151281E-02	   3.16517381E-04
  -4	   3		   3.29672197E-02	   3.07433388E-04		   3.29637425E-02	   3.07417585E-04
  -3	   3		   3.38963988E-02	   3.24578794E-04		   3.38955460E-02	   3.24572581E-04
  -2	   3		   3.56518566E-02	   3.26777438E-04		   3.56289014E-02	   3.26763744E-04
  -1	   3		   3.61984012E-02	   3.67349449E-04		   3.61974783E-02	   3.67339654E-04
   0	   3		   3.70499796E-02	   3.78705652E-04		   3.70476612E-02	   3.78696481E-04
   1	   3		   3.61598872E-02	   3.46259213E-04		   3.61589724E-02	   3.46249622E-04
   2	   3		   3.57002414E-02	   3.55375649E-04		   3.56772950E-02	   3.55369630E-04
   3	   3		   3.38812267E-02	   3.03180851E-04		   3.38803750E-02	   3.03174167E-04
   4	   3		   3.29889635E-02	   3.22459263E-04		   3.29854961E-02	   3.22449228E-04
   5	   3		   3.19456165E-02	   3.30484515E-04		   3.19448194E-02	   3.30474746E-04
   6	   3		   3.13838185E-02	   3.42429998E-04		   3.13829724E-02	   3.42420174E-04
   7	   3		   3.08144305E-02	   3.31436764E-04		   3.08136683E-02	   3.31429490E-04
   8	   3		   3.04479989E-02	   2.84158843E-04		   3.04472380E-02	   2.84152228E-04
   9	   3		   3.01888187E-02	   3.01493795E-04		   3.01880706E-02	   3.01486258E-04
  10	   3		   3.00249891E-02	   2.84533080E-04		   3.00242441E-02	   2.84524515E-04
  11	   3		   2.99404148E-02	   3.16286434E-04		   2.99396690E-02	   3.16276088E-04
  12	   3		   2.99221624E-02	   3.03351210E-04		   2.99214107E-02	   3.03342415E-04
 -11	   4		   2.98896551E-02	   3.02760579E-04		   2.98889117E-02	   3.02751095E-04
 -10	   4		   2.99506064E-02	   3.04068643E-04		   2.99498716E-02	   3.04059629E-04
  -9	   4		   3.00836106E-02	   2.73033297E-04		   3.00828701E-02	   2.73025307E-04
  -8	   4		   3.03047139E-02	   2.91441365E-04		   3.03039587E-02	   2.91434504E-04
  -7	   4		   3.06626730E-02	   3.13197917E-04		   3.06618978E-02	   3.13192009E-04
  -6	   4		   3.09838903E-02	   3.11939169E-04		   3.09831220E-02	   3.11931720E-04
  -5	   4		   3.15821389E-02	   3.19509686E-04		   3.15809764E-02	   3.19500428E-04
  -4	   4		   3.20823152E-02	   3.00707290E-04		   3.20815107E-02	   3.00700101E-04
  -3	   4		   3.29576588E-02	   3.06312097E-04		   3.29542180E-02	   3.06303837E-04
  -2	   4		   3.34237388E-02	   3.06789412E-04		   3.34228870E-02	   3.06781400E-04
  -1	   4		   3.41250226E-02	   3.06115243E-04		   3.41231078E-02	   3.06110143E-04
   0	   4		   3.40648513E-02	   3.23600854E-04		   3.40640022E-02	   3.23593123E-04
   1	   4		   3.41729926E-02	   3.22163351E-04		   3.41710719E-02	   3.22153257E-04
   2	   4		   3.34372289E-02	   3.05451680E-04		   3.34363964E-02	   3.05444725E-04
   3	   4		   3.29368864E-02	   2.77890002E-04		   3.29334467E-02	   2.77883853E-04
   4	   4		   3.20685290E-02	   2.86561016E-04		   3.20677337E-02	   2.86552799E-04
   5	   4		   3.15790270E-02	   3.12666878E-04		   3.15778699E-02	   3.12658704E-04
   6	   4		   3.10221163E-02	   3.30956072E-04		   3.10213540E-02	   3.30948223E-04
   7	   4		   3.06700741E-02	   3.27705094E-04		   3.06693020E-02	   3.27697933E-04
   8	   4		   3.03207050E-02	   3.03808627E-04		   3.03199540E-02	   3.03801908E-04
   9	   4		   3.01160771E-02	   3.00574355E-04		   3.01153319E-02	   3.00566206E-04
  10	   4		   2.99108413E-02	   2.78049892E-04		   2.99100923E-02	   2.78042634E-04
  11	   4		   2.98822462E-02	   2.96217232E-04		   2.98815051E-02	   2.96209975E-04
  12	   4		   2.98295364E-02	   3.06571232E-04		   2.98287993E-02	   3.06562247E-04
 -11	   5		   2.97866192E-02	   3.09057869E-04		   2.97858798E-02	   3.09048586E-04
 -10	   5		   2.99124033E-02	   3.23658328E-04		   2.99116635E-02	   3.23651627E-04
  -9	   5		   2.99712538E-02	   2.82540888E-04		   2.99705088E-02	   2.82533214E-04
  -8	   5		   3.01849393E-02	   2.82292638E-04		   3.01841790E-02	   2.82286448E-04
  -7	   5		   3.03989799E-02	   2.94613731E-04		   3.03982320E-02	   2.94604981E-04
  -6	   5		   3.07414319E-02	   2.98688157E-04		   3.07406013E-02	   2.98682092E-04
  -5	   5		   3.10600999E-02	   3.09281255E-04		   3.10593292E-02	   3.09272774E-04
  -4	   5		   3.15405729E-02	   2.97256843E-04		   3.15394116E-02	   2.97247785E-04
  -3	   5		   3.18788455E-02	   2.83175932E-04		   3.18780527E-02	   2.83169015E-04
  -2	   5		   3.23669840E-02	   2.84810620E-04		   3.23658903E-02	   2.84804671E-04
  -1	   5		   3.25149720E-02	   2.84667163E-04		   3.25141599E-02	   2.84658792E-04
   0	   5		   3.27571808E-02	   2.89511373E-04		   3.27562457E-02	   2.89506770E-04
   1	   5		   3.25264472E-02	   2.88514038E-04		   3.25256412E-02	   2.88509501E-04
   2	   5		   3.23895270E-02	   2.81296141E-04		   3.23884564E-02	   2.81286276E-04
   3	   5		   3.19087412E-02	   2.81147546E-04		   3.19079452E-02	   2.81142250E-04
   4	   5		   3.15580780E-02	   2.80353749E-04		   3.15569171E-02	   2.80346614E-04
   5	   5		   3.10755113E-02	   2.91752812E-04		   3.10747314E-02	   2.91746686E-04
   6	   5		   3.07494275E-02	   3.00202305E-04		   3.07486177E-02	   3.00195257E-04
   7	   5		   3.04152579E-02	   3.20689434E-04		   3.04144930E-02	   3.20680062E-04
   8	   5		   3.02178248E-02	   3.09488440E-04		   3.02170597E-02	   3.09480408E-04
   9	   5		   2.99798323E-02	   2.96351002E-04		   2.99790945E-02	   2.96344743E-04
  10	   5		   2.98670576E-02	   2.79694601E-04		   2.98663162E-02	   2.79687379E-04
  11	   5		   2.97688054E-02	   2.96106924E-04		   2.97680663E-02	   2.96100932E-04
  12	   5		   2.97731116E-02	   2.95450210E-04		   2.97723652E-02	   2.95443505E-04
 -11	   6		   2.97292467E-02	   3.05022900E-04		   2.97284945E-02	   3.05014039E-04
 -10	   6		   2.97709511E-02	   3.06858769E-04		   2.97702126E-02	   3.06851762E-04
  -9	   6		   2.98687316E-02	   2.71022216E-04		   2.98679800E-02	   2.71015593E-04
  -8	   6		   3.00032949E-02	   2.77937726E-04		   3.00025595E-02	   2.77932296E-04
  -7	   6		   3.02294769E-02	   2.77027778E-04		   3.02287143E-02	   2.77021646E-04
  -6	   6		   3.04483386E-02	   3.16355830E-04		   3.04475877E-02	   3.16346726E-04
  -5	   6		   3.07602849E-02	   3.25728535E-04		   3.07594596E-02	   3.25720428E-04
  -4	   6		   3.09687749E-02	   3.07093618E-04		   3.09680116E-02	   3.07084736E-04
  -3	   6		   3.12836785E-02	   2.76784911E-04		   3.12828264E-02	   2.76777698E-04
  -2	   6		   3.14089210E-02	   2.48592070E-04		   3.14081446E-02	   2.48587108E-04
  -1	   6		   3.17123158E-02	   2.91696991E-04		   3.17115164E-02	   2.91690707E-04
   0	   6		   3.17065184E-02	   3.01354076E-04		   3.17057329E-02	   3.01345575E-04
   1	   6		   3.17509672E-02	   3.03920469E-04		   3.17501558E-02	   3.03912858E-04
   2	   6		   3.14678240E-02	   2.71117526E-04		   3.14670399E-02	   2.71109356E-04
   3	   6		   3.12929473E-02	   2.64929981E-04		   3.12921151E-02	   2.64922063E-04
   4	   6		   3.09609572E-02	   2.75400601E-04		   3.09601908E-02	   2.75393592E-04
   5	   6		   3.07416671E-02	   2.90524116E-04		   3.07408499E-02	   2.90515863E-04
   6	   6		   3.04185871E-02	   2.87343758E-04		   3.04178310E-02	   2.87336238E-04
   7	   6		   3.02061635E-02	   2.77335525E-04		   3.02054058E-02	   2.77329126E-04
   8	   6		   2.99954765E-02	   2.80732392E-04		   2.99947355E-02	   2.80724100E-04
   9	   6		   2.99028996E-02	   2.90894415E-04		   2.99021504E-02	   2.90887509E-04
  10	   6		   2.97751524E-02	   2.89495563E-04		   2.97744073E-02	   2.89489313E-04
  11	   6		   2.97238593E-02	   2.95689955E-04		   2.97231143E-02	   2.95683329E-04
  12	   6		   2.96746716E-02	   2.88307068E-04		   2.96739421E-02	   2.88298546E-04
 -11	   7		   2.95963628E-02	   2.70434448E-04		   2.95956119E-02	   2.70427148E-04
 -10	   7		   2.96756599E-02	   2.73591794E-04		   2.96749062E-02	   2.73585721E-04
  -9	   7		   2.97575927E-02	   2.80820035E-04		   2.97568551E-02	   2.80811881E-04
  -8	   7		   2.99008711E-02	   2.94356707E-04		   2.99001171E-02	   2.94346742E-04
  -7	   7		   3.00064254E-02	   2.78529074E-04		   3.00056779E-02	   2.78520931E-04
  -6	   7		   3.02307491E-02	   2.98261986E-04		   3.02299907E-02	   2.98254463E-04
  -5	   7		   3.03974032E-02	   3.05212471E-04		   3.03966477E-02	   3.05207468E-04
  -4	   7		   3.06352966E-02	   2.96473346E-04		   3.06345229E-02	   2.96467293E-04
  -3	   7		   3.07515800E-02	   2.87010805E-04		   3.07508287E-02	   2.87006787E-04
  -2	   7		   3.09190375E-02	   2.58434911E-04		   3.09182708E-02	   2.58428841E-04
  -1	   7		   3.10232400E-02	   2.87541982E-04		   3.10224692E-02	   2.87534616E-04
   0	   7		   3.11064374E-02	   2.77587852E-04		   3.11056485E-02	   2.77581151E-04
   1	   7		   3.10388149E-02	   2.89889540E-04		   3.10380451E-02	   2.89883007E-04
   2	   7		   3.09659517E-02	   2.68879326E-04		   3.09651707E-02	   2.68871904E-04
   3	   7		   3.07616477E-02	   2.66429120E-04		   3.07608822E-02	   2.66423747E-04
   4	   7		   3.05898885E-02	   2.63709356E-04		   3.05891135E-02	   2.63702962E-04
   5	   7		   3.03430257E-02	   2.59025555E-04		   3.03422692E-02	   2.59019001E-04
   6	   7		   3.02103453E-02	   2.79116170E-04		   3.02095856E-02	   2.79108054E-04
   7	   7		   3.00099801E-02	   2.84683283E-04		   3.00092315E-02	   2.84674767E-04
   8	   7		   2.98881612E-02	   2.70413372E-04		   2.98874224E-02	   2.70407039E-04
   9	   7		   2.97415028E-02	   2.70699756E-04		   2.97407557E-02	   2.70692677E-04
  10	   7		   2.96955351E-02	   2.86210445E-04		   2.96947969E-02	   2.86200306E-04
  11	   7		   2.96035702E-02	   2.77763610E-04		   2.96028481E-02	   2.77756594E-04
  12	   7		   2.95893120E-02	   2.72278158E-04		   2.95885641E-02	   2.72269761E-04
 -11	   8		   2.95595910E-02	   2.78190966E-04		   2.95588590E-02	   2.78183811E-04
 -10	   8		   2.95821124E-02	   2.73437035E-04		   2.95813747E-02	   2.73428690E-04
  -9	   8		   2.96712984E-02	   2.81169372E-04		   2.96705607E-02	   2.81162554E-04
  -8	   8		   2.97374829E-02	   2.85796576E-04		   2.97367425E-02	   2.85786786E-04
  -7	   8		   2.99026665E-02	   3.02807246E-04		   2.99019146E-02	   3.02797589E-04
  -6	   8		   2.99912726E-02	   2.83477158E-04		   2.99905258E-02	   2.83471531E-04
  -5	   8		   3.01741021E-02	   2.76746057E-04		   3.01733359E-02	   2.76737046E-04
  -4	   8		   3.02480331E-02	   2.48977779E-04		   3.02472850E-02	   2.48971477E-04
  -3	   8		   3.04106124E-02	   2.61078810E-04		   3.04098503E-02	   2.61073055E-04
  -2	   8		   3.04988143E-02	   2.83375092E-04		   3.04980556E-02	   2.83367640E-04
  -1	   8		   3.06123546E-02	   2.72560763E-04		   3.06115989E-02	   2.72553203E-04
   0	   8		   3.05860442E-02	   2.55421980E-04		   3.05852761E-02	   2.55414503E-04
   1	   8		   3.06591766E-02	   2.82816777E-04		   3.06584077E-02	   2.82809485E-04
   2	   8		   3.05300962E-02	   2.82027033E-04		   3.05293426E-02	   2.82019528E-04
   3	   8		   3.04475007E-02	   2.70437139E-04		   3.04467479E-02	   2.70432005E-04
   4	   8		   3.02444145E-02	   2.49961498E-04		   3.02436618E-02	   2.49955643E-04
   5	   8		   3.01403013E-02	   2.46770743E-04		   3.01395400E-02	   2.46764290E-04
   6	   8		   2.99992587E-02	   2.78878587E-04		   2.99985084E-02	   2.78871374E-04
   7	   8		   2.99042134E-02	   2.92573640E-04		   2.99034658E-02	   2.92565871E-04
   8	   8		   2.97433254E-02	   2.76217509E-04		   2.97425851E-02	   2.76209243E-04
   9	   8		   2.96607875E-02	   2.67066587E-04		   2.96600441E-02	   2.67056748E-04
  10	   8		   2.95585072E-02	   2.69349118E-04		   2.95577655E-02	   2.69343357E-04
  11	   8		   2.95271912E-02	   2.61392414E-04		   2.95264605E-02	   2.61385999E-04
  12	   8		   2.95177019E-02	   2.86886539E-04		   2.95169712E-02	   2.86878229E-04
 -11	   9		   2.94390753E-02	   2.47999019E-04		   2.94383478E-02	   2.47993395E-04
 -10	   9		   2.95228082E-02	   2.63330817E-04		   2.95220850E-02	   2.63326120E-04
  -9	   9		   2.95713572E-02	   2.83603883E-04		   2.95706296E-02	   2.83595185E-04
  -8	   9		   2.96462440E-02	   2.66845014E-04		   2.96455006E-02	   2.66838237E-04
  -7	   9		   2.97231432E-02	   2.83073183E-04		   2.97224152E-02	   2.83066513E-04
  -6	   9		   2.98393302E-02	   2.64439326E-04		   2.98385748E-02	   2.64431903E-04
  -5	   9		   2.99526155E-02	   2.71580464E-04		   2.99518642E-02	   2.71574357E-04
  -4	   9		   3.00704064E-02	   2.64822405E-04		   3.00696656E-02	   2.64814608E-04
  -3	   9		   3.01164861E-02	   2.49467191E-04		   3.01157315E-02	   2.49460495E-04
  -2	   9		   3.02558466E-02	   2.73938840E-04		   3.02550865E-02	   2.73932418E-04
  -1	   9		   3.02780140E-02	   2.74281736E-04		   3.02772620E-02	   2.74274624E-04
   0	   9		   3.03418312E-02	   2.79314563E-04		   3.03410743E-02	   2.79307611E-04
   1	   9		   3.03266258E-02	   2.92218440E-04		   3.03258769E-02	   2.92210771E-04
   2	   9		   3.02719528E-02	   2.75111909E-04		   3.02711935E-02	   2.75103001E-04
   3	   9		   3.01294055E-02	   2.53786338E-04		   3.01286553E-02	   2.53780690E-04
   4	   9		   3.00778768E-02	   2.57225184E-04		   3.00771261E-02	   2.57218358E-04
   5	   9		   2.99364810E-02	   2.52852301E-04		   2.99357407E-02	   2.52847412E-04
   6	   9		   2.98601615E-02	   2.64206164E-04		   2.98594200E-02	   2.64200096E-04
   7	   9		   2.97337423E-02	   2.69498086E-04		   2.97330148E-02	   2.69491829E-04
   8	   9		   2.96526567E-02	   2.59331375E-04		   2.96519140E-02	   2.59324488E-04
   9	   9		   2.95578646E-02	   2.53363985E-04		   2.95571291E-02	   2.53358431E-04
  10	   9		   2.95132512E-02	   2.55796511E-04		   2.95125104E-02	   2.55790916E-04
  11	   9		   2.94490785E-02	   2.50671501E-04		   2.94483595E-02	   2.50666196E-04
  12	   9		   2.94806675E-02	   2.71056610E-04		   2.94799340E-02	   2.71050608E-04
 -11	  10		   2.94271604E-02	   2.53336867E-04		   2.94264351E-02	   2.53330043E-04
 -10	  10		   2.94519980E-02	   2.64137022E-04		   2.94512700E-02	   2.64130457E-04
  -9	  10		   2.94921120E-02	   2.53790055E-04		   2.94913748E-02	   2.53783006E-04
  -8	  10		   2.95562182E-02	   2.63631378E-04		   2.95554847E-02	   2.63624979E-04
  -7	  10		   2.96737073E-02	   2.75875964E-04		   2.96729676E-02	   2.75871099E-04
  -6	  10		   2.97352785E-02	   2.70407381E-04		   2.97345452E-02	   2.70401093E-04
  -5	  10		   2.98399436E-02	   2.59135365E-04		   2.98392029E-02	   2.59129961E-04
  -4	  10		   2.99092694E-02	   2.70572829E-04		   2.99085386E-02	   2.70565433E-04
  -3	  10		   3.00264823E-02	   2.78810814E-04		   3.00257337E-02	   2.78804987E-04
  -2	  10		   3.00442451E-02	   2.65589987E-04		   3.00435001E-02	   2.65581962E-04
  -1	  10		   3.00984251E-02	   2.52791312E-04		   3.00976795E-02	   2.52785042E-04
   0	  10		   3.01031623E-02	   2.68056367E-04		   3.01024166E-02	   2.68049519E-04
   1	  10		   3.01046959E-02	   2.64846018E-04		   3.01039377E-02	   2.64840114E-04
   2	  10		   3.00453476E-02	   2.69837777E-04		   3.00445979E-02	   2.69830607E-04
   3	  10		   3.00082591E-02	   2.66646938E-04		   3.00075174E-02	   2.66640593E-04
   4	  10		   2.99006551E-02	   2.60751041E-04		   2.98999137E-02	   2.60746092E-04
   5	  10		   2.98392843E-02	   2.64769200E-04		   2.98385264E-02	   2.64761311E-04
   6	  10		   2.97242041E-02	   2.62869892E-04		   2.97234643E-02	   2.62864875E-04
   7	  10		   2.96794440E-02	   2.69597120E-04		   2.96787138E-02	   2.69591328E-04
   8	  10		   2.95651413E-02	   2.65482725E-04		   2.95644031E-02	   2.65476339E-04
   9	  10		   2.95153509E-02	   2.52942181E-04		   2.95146103E-02	   2.52933986E-04
  10	  10		   2.94122123E-02	   2.36681958E-04		   2.94114833E-02	   2.36675355E-04
  11	  10		   2.94045806E-02	   2.46505168E-04		   2.94038576E-02	   2.46500116E-04
  12	  10		   2.94240228E-02	   2.77223399E-04		   2.94232811E-02	   2.77216938E-04
 -11	  11		   2.93675198E-02	   2.48627775E-04		   2.93667909E-02	   2.48622681E-04
 -10	  11		   2.94430414E-02	   2.74857623E-04		   2.94423104E-02	   2.74851010E-04
  -9	  11		   2.94509920E-02	   2.58676499E-04		   2.94502697E-02	   2.58670865E-04
  -8	  11		   2.95541932E-02	   2.67554769E-04		   2.95534567E-02	   2.67547734E-04
  -7	  11		   2.96081855E-02	   2.78851356E-04		   2.96074478E-02	   2.78842968E-04
  -6	  11		   2.96804016E-02	   2.64735279E-04		   2.96796545E-02	   2.64729198E-04
  -5	  11		   2.97503608E-02	   2.73974189E-04		   2.97496232E-02	   2.73968910E-04
  -4	  11		   2.98491629E-02	   2.67313288E-04		   2.98484266E-02	   2.67306001E-04
  -3	  11		   2.99017666E-02	   2.75840618E-04		   2.99010277E-02	   2.75833874E-04
  -2	  11		   2.99737618E-02	   2.77576002E-04		   2.99730084E-02	   2.77569783E-04
  -1	  11		   2.99457037E-02	   2.62831440E-04		   2.99449575E-02	   2.62824470E-04
   0	  11		   3.00007007E-02	   2.66258592E-04		   2.99999510E-02	   2.66250817E-04
   1	  11		   2.99613020E-02	   2.77277033E-04		   2.99605524E-02	   2.77271663E-04
   2	  11		   2.99719017E-02	   2.73955137E-04		   2.99711452E-02	   2.73948153E-04
   3	  11		   2.98915439E-02	   2.78434916E-04		   2.98907898E-02	   2.78429643E-04
   4	  11		   2.98652020E-02	   2.84491605E-04		   2.98644531E-02	   2.84483942E-04
   5	  11		   2.97428633E-02	   2.65992655E-04		   2.97421269E-02	   2.65986535E-04
   6	  11		   2.97063774E-02	   2.71153658E-04		   2.97056429E-02	   2.71145980E-04
   7	  11		   2.96070440E-02	   2.69907732E-04		   2.96063026E-02	   2.69901505E-04
   8	  11		   2.95233105E-02	   2.60102045E-04		   2.95225776E-02	   2.60094316E-04
   9	  11		   2.94319172E-02	   2.50764186E-04		   2.94311891E-02	   2.50758661E-04
  10	  11		   2.94023055E-02	   2.45924177E-04		   2.94015679E-02	   2.45918066E-04
  11	  11		   2.93794412E-02	   2.53519371E-04		   2.93787103E-02	   2.53511607E-04
  12	  11		   2.93932377E-02	   2.63302944E-04		   2.93925141E-02	   2.63296065E-04
 -11	  12		   2.93992162E-02	   2.58938111E-04		   2.93984727E-02	   2.58931305E-04
 -10	  12		   2.93803224E-02	   2.53133594E-04		   2.93795947E-02	   2.53127376E-04
  -9	  12		   2.94476793E-02	   2.53221923E-04		   2.94469487E-02	   2.53214002E-04
  -8	  12		   2.95238902E-02	   2.68159822E-04		   2.95231626E-02	   2.68153653E-04
  -7	  12		   2.96208042E-02	   2.79437223E-04		   2.96200706E-02	   2.79431720E-04
  -6	  12		   2.96598276E-02	   2.73022871E-04		   2.96590915E-02	   2.73015364E-04
  -5	  12		   2.97527050E-02	   2.78989974E-04		   2.97519650E-02	   2.78981702E-04
  -4	  12		   2.98203533E-02	   2.87578527E-04		   2.98196042E-02	   2.87570406E-04
  -3	  12		   2.98971814E-02	   2.83626940E-04		   2.98964387E-02	   2.83620733E-04
  -2	  12		   2.98908012E-02	   2.63625125E-04		   2.98900678E-02	   2.63619613E-04
  -1	  12		   2.99583790E-02	   2.71003141E-04		   2.99576365E-02	   2.70997258E-04
   0	  12		   2.99661290E-02	   2.84762349E-04		   2.99653940E-02	   2.84752564E-04
   1	  12		   2.99583790E-02	   2.71003141E-04		   2.99576365E-02	   2.70997258E-04
   2	  12		   2.98908012E-02	   2.63625125E-04		   2.98900678E-02	   2.63619613E-04
   3	  12		   2.98971814E-02	   2.83626940E-04		   2.98964387E-02	   2.83620733E-04
   4	  12		   2.98203533E-02	   2.87578527E-04		   2.98196042E-02	   2.87570406E-04
   5	  12		   2.97527050E-02	   2.78989974E-04		   2.97519650E-02	   2.78981702E-04
   6	  12		   2.96598276E-02	   2.73022871E-04		   2.96590915E-02	   2.73015364E-04
   7	  12		   2.96208042E-02	   2.79437223E-04		   2.96200706E-02	   2.79431720E-04
   8	  12		   2.95238902E-02	   2.68159822E-04		   2.95231626E-02	   2.68153653E-04
   9	  12		   2.94476793E-02	   2.53221923E-04		   2.94469487E-02	   2.53214002E-04
  10	  12		   2.93803224E-02	   2.53133594E-04		   2.93795947E-02	   2.53127376E-04
  11	  12		   2.93992162E-02	   2.58938111E-04		   2.93984727E-02	   2.58931305E-04
  12	  12		   2.93654951E-02	   2.69563819E-04		   2.93647593E-02	   2.69555909E-04
